      0/99     13.4G   0.08084   0.03535   0.04512    0.1613       289       640  0.003458   0.06175  0.001131 0.0002125     0.111    0.0384   0.04749
      1/99     13.9G   0.07975   0.03216   0.04493    0.1568       283       640  0.003267  0.005418 0.0004786 7.242e-05    0.1073   0.03801   0.04716
      2/99     11.5G   0.07672   0.03456   0.04463    0.1559       365       640  0.005452  0.006332 0.0008207 0.0001883    0.1038   0.03849   0.04671
      3/99     11.5G   0.07401   0.03668   0.04402    0.1547       201       640  0.009128  0.008748  0.002437 0.0003493    0.1004    0.0393   0.04629
      4/99     11.5G   0.07141   0.03613   0.04365    0.1512       262       640  0.004503    0.1431  0.003502 0.0006774   0.09736   0.03998   0.04589
      5/99     11.5G   0.07071   0.03487   0.04279    0.1484       220       640  0.007544   0.09188  0.008899   0.00147   0.09534   0.04014   0.04552
      6/99     11.5G   0.06887   0.03581   0.04231     0.147       310       640   0.01407    0.0506  0.009186  0.002036   0.09324   0.04047   0.04513
      7/99     11.5G   0.06535   0.03726   0.04142     0.144       222       640    0.2061   0.03051   0.01464  0.004405   0.09078   0.04061   0.04471
      8/99     11.5G   0.06457   0.03795    0.0407    0.1432       234       640    0.2175   0.06952   0.03334  0.009105    0.0879   0.04085   0.04447
      9/99     11.5G   0.06207   0.04074   0.03962    0.1424       312       640    0.3873   0.07758    0.0477   0.01146   0.08593   0.04119    0.0439
     10/99     11.5G    0.0604    0.0372   0.03905    0.1367       242       640    0.4473   0.06745   0.04784    0.0144   0.08389   0.04138   0.04342
     11/99     11.5G   0.05858   0.04235   0.03751    0.1384       324       640    0.4637   0.08238   0.05477   0.01986   0.08141   0.04165   0.04314
     12/99     11.5G   0.05625   0.04088   0.03647    0.1336       322       640    0.5069   0.07956   0.06089   0.01867   0.07843   0.04238   0.04269
     13/99     11.5G   0.05479   0.03951   0.03609    0.1304       263       640    0.4715   0.08723   0.08051   0.02889   0.07773   0.04184   0.04247
     14/99     11.5G   0.05336   0.03753     0.036    0.1269       319       640    0.4089    0.1225    0.0895   0.03652   0.07554   0.04169   0.04217
     15/99     11.5G   0.05245   0.04179   0.03477     0.129       387       640    0.6241    0.1073   0.08796   0.02887   0.07415   0.04198   0.04182
     16/99     11.5G   0.05121   0.04017    0.0341    0.1255       276       640    0.6183      0.12   0.09618   0.04399   0.07154   0.04185   0.04158
     17/99     11.5G   0.04923    0.0405   0.03373    0.1235       280       640    0.6028      0.13    0.1068   0.04012    0.0726   0.04047   0.04148
     18/99     11.5G   0.04987   0.03803    0.0328    0.1207       278       640    0.6018    0.1452    0.1008   0.04163    0.0745   0.03846   0.04133
     19/99     12.9G   0.05366   0.03722   0.03349    0.1244       255       640    0.5928    0.1348    0.1073   0.04065   0.07024   0.03974   0.04085
     20/99     12.9G   0.04948   0.03782   0.03345    0.1207       237       640    0.6268    0.1116    0.1047   0.03968   0.07108   0.03889   0.04054
     21/99     12.9G   0.05101   0.03836   0.03212    0.1215       351       640    0.6101     0.142    0.1148   0.04335   0.07013   0.03858   0.04022
     22/99     12.9G   0.04959   0.03626   0.03196    0.1178       199       640    0.6047    0.1651    0.1282   0.05623   0.06811   0.03778   0.03989
     23/99     12.9G   0.04911   0.04176   0.03105    0.1219       330       640     0.612     0.167    0.1521    0.0599   0.06428   0.03851   0.03971
     24/99     12.9G   0.04709   0.03765   0.03121    0.1159       280       640    0.6929    0.1248    0.1415   0.05943   0.07244   0.03611    0.0394
     25/99     12.9G   0.05297   0.03582   0.03288    0.1217       291       640    0.3432    0.2856    0.1603   0.05156   0.06877   0.03647   0.03919
     26/99     12.9G   0.04805   0.03687   0.03108     0.116       232       640    0.1615    0.3918    0.1646   0.04472   0.06579   0.03752   0.03903
     27/99     12.9G   0.04759   0.03631   0.03071    0.1146       231       640    0.1876    0.3505    0.1706    0.0606   0.06459    0.0367   0.03857
     28/99     12.9G   0.04727   0.03438   0.03081    0.1125       197       640    0.2624    0.3775    0.1859   0.07501   0.06007   0.03743   0.03818
     29/99     12.9G     0.046   0.03631   0.02991    0.1122       257       640    0.2551    0.3767    0.2078   0.08466   0.05884   0.03664   0.03787
     30/99     12.9G   0.04536   0.03704   0.02948    0.1119       307       640    0.1919    0.4727    0.2413   0.09916    0.0578   0.03674   0.03758
     31/99     12.9G   0.04667   0.03547      0.03    0.1121       247       640    0.4359    0.3247    0.2501    0.1188   0.05931   0.03557   0.03725
     32/99     12.9G   0.04467   0.03362   0.02932    0.1076       284       640    0.4183    0.3554    0.2565    0.0829   0.05936   0.03503   0.03699
     33/99     12.9G   0.04527   0.03481   0.02944    0.1095       310       640    0.3034     0.477    0.2045   0.07202   0.05848   0.03505   0.03672
     34/99     12.9G    0.0441   0.03653   0.02887    0.1095       300       640     0.214    0.5239    0.2402   0.09487   0.05993   0.03361   0.03633
     35/99     12.9G   0.04327   0.03628   0.02823    0.1078       245       640    0.7032    0.2224     0.285     0.161   0.05701   0.03432   0.03592
     36/99     12.9G   0.04124   0.03549   0.02883    0.1056       334       640    0.3223    0.5528    0.3114    0.1581   0.05377   0.03318   0.03564
     37/99     12.9G   0.04261    0.0379   0.02776    0.1083       301       640    0.3207    0.5797    0.3329     0.149   0.05385   0.03242   0.03544
     38/99     12.9G   0.04148   0.03801    0.0277    0.1072       251       640    0.5475    0.3376    0.3087    0.1264   0.05384    0.0321   0.03524
     39/99     12.9G   0.04294   0.03767   0.02651    0.1071       325       640    0.5135    0.4029    0.3246     0.146   0.05065   0.03314   0.03506
     40/99     12.9G   0.04164   0.03363   0.02812    0.1034       294       640    0.5325    0.3803    0.3141    0.1428   0.05173   0.03292   0.03478
     41/99     12.9G   0.04092   0.03515   0.02725    0.1033       201       640    0.5498    0.3595    0.3466    0.1959   0.04844   0.03282   0.03455
     42/99     12.9G   0.03891   0.03597   0.02702    0.1019       261       640    0.5532     0.353    0.3327    0.1728   0.05117   0.03195   0.03424
     43/99     12.9G   0.03927   0.03569   0.02642    0.1014       296       640    0.5688    0.3447    0.3509    0.2081    0.0487   0.03227   0.03398
     44/99     12.9G   0.03892    0.0374    0.0261    0.1024       281       640     0.676    0.3281    0.3506    0.1809   0.05104   0.03139   0.03368
     45/99     12.9G   0.04182   0.03302   0.02507   0.09992       235       640    0.5677    0.3593    0.3447    0.2078   0.05104   0.03142   0.03344
     46/99     12.9G   0.03822   0.03733   0.02545     0.101       232       640    0.5437    0.3979     0.343    0.1809   0.05052   0.03021   0.03348
     47/99     12.9G   0.03761   0.03689   0.02519   0.09969       290       640    0.5555    0.4298    0.3571    0.1789   0.05126   0.03032   0.03316
     48/99     12.9G    0.0365   0.03577   0.02498   0.09724       285       640    0.6341    0.3791    0.3756     0.217   0.04738   0.03093   0.03277
     49/99     12.9G   0.03784   0.03422     0.025   0.09706       219       640    0.5999    0.3851    0.3757    0.2192   0.04591   0.03164   0.03245
     50/99     12.9G   0.03514   0.03423   0.02521   0.09458       191       640    0.5836    0.4321    0.3898    0.2495   0.04174   0.03185    0.0322
     51/99     12.9G   0.03462   0.03402   0.02394   0.09257       317       640    0.5657    0.4677    0.3778    0.2111   0.04689   0.02992   0.03211
     52/99     12.9G   0.03553   0.03235   0.02399   0.09187       226       640    0.5944    0.4027    0.3698    0.1891   0.04841   0.02997   0.03187
     53/99     12.9G    0.0353   0.03347   0.02375   0.09251       288       640     0.615    0.4488    0.3973    0.2508   0.04405   0.03075    0.0318
     54/99     12.9G   0.03429     0.033    0.0227   0.08999       221       640    0.5696     0.488    0.3751    0.2328   0.04375   0.03089   0.03166
     55/99     12.9G   0.03354   0.03262   0.02342   0.08958       226       640    0.5711    0.5038    0.3857    0.2499   0.04214   0.03112   0.03157
     56/99     12.9G   0.03601   0.03386   0.02311   0.09298       193       640    0.5457    0.4773    0.3562    0.1586   0.05291   0.02877   0.03147
     57/99     12.9G   0.04289   0.03141   0.02383   0.09813       236       640    0.5401     0.465    0.3485    0.2015   0.05372   0.02989   0.03139
     58/99     12.9G   0.03886   0.02994   0.02355   0.09234       190       640    0.5818     0.434     0.369    0.2299   0.05152   0.03053   0.03135
     59/99     12.9G   0.03763   0.03288   0.02385   0.09436       281       640     0.561    0.4531    0.3695    0.2185   0.05423   0.02894   0.03131
     60/99     12.9G   0.03748   0.03153   0.02379    0.0928       231       640    0.5365    0.4937    0.3681    0.2142   0.05445   0.02857   0.03129
     61/99     12.9G   0.03931   0.03128   0.02423   0.09482       211       640    0.5212    0.5245    0.3621    0.1891   0.05641   0.02857   0.03109
     62/99     12.9G   0.03869    0.0318   0.02306   0.09356       290       640    0.5887    0.4719    0.3941     0.248   0.04769   0.03084   0.03092
     63/99     12.9G   0.03684   0.02887   0.02276   0.08847       287       640     0.585    0.5312    0.4023    0.2529   0.04729   0.03125   0.03079
     64/99     12.9G   0.03583   0.03141   0.02304   0.09027       317       640    0.5897    0.4884    0.4076    0.2587   0.04627   0.03111    0.0307
     65/99     12.9G   0.03457   0.03222   0.02286   0.08964       248       640    0.6152     0.478    0.4109     0.266   0.04429   0.03055   0.03065
     66/99     12.9G   0.03436   0.03439   0.02295   0.09171       270       640    0.5863      0.45    0.3822    0.2225   0.04588   0.02965   0.03056
     67/99     12.9G   0.03716   0.03512   0.02303   0.09532       388       640    0.4696    0.5817    0.3898    0.2448   0.04466   0.02992   0.03053
     68/99     12.9G   0.03517   0.03335    0.0225   0.09102       277       640    0.4656    0.5788    0.3921    0.2291   0.04507   0.02972   0.03037
     69/99     12.9G   0.03405   0.03517   0.02167   0.09089       239       640      0.52    0.5658    0.4159    0.2514   0.04072   0.03065   0.03018
     70/99     12.9G   0.03219   0.03568   0.02202   0.08989       285       640    0.4278     0.639    0.4229    0.2745   0.03783   0.03033   0.03008
     71/99     12.9G   0.03023   0.03735    0.0218   0.08938       274       640     0.431    0.6087    0.4238     0.275   0.03971   0.02982   0.03005
     72/99     12.9G   0.03222   0.03937     0.021   0.09259       206       640    0.4094    0.6222    0.4219    0.2606   0.03835   0.03001   0.03004
     73/99     12.9G   0.03196    0.0357   0.02088   0.08854       334       640    0.4384    0.6324    0.4173    0.2671   0.03747   0.03084      0.03
     74/99     12.9G   0.03071   0.03437   0.02114   0.08621       270       640    0.4435    0.6523    0.4156    0.2767   0.03844    0.0314   0.02999
     75/99     12.9G   0.02969    0.0361   0.02023   0.08603       279       640    0.4643    0.6572    0.4235    0.2821   0.03772   0.03138   0.02996
     76/99     12.9G   0.03028   0.03438   0.02093   0.08559       202       640    0.4655    0.6685    0.4244    0.2822   0.03711    0.0305    0.0298
     77/99     12.9G    0.0303   0.03507   0.02105   0.08642       274       640    0.4775    0.6443    0.4335    0.3098   0.03541   0.03018   0.02967
     78/99     12.9G    0.0289   0.03397   0.02039   0.08325       247       640    0.4786    0.6538    0.4359    0.3026   0.03594   0.03014   0.02958
     79/99     12.9G   0.02799   0.03515    0.0204   0.08354       273       640    0.4717     0.674    0.4507    0.3167   0.03497   0.03049    0.0295
     80/99     12.9G   0.02709   0.03677   0.02025   0.08411       301       640    0.4491    0.6773      0.44    0.3072   0.03569   0.02999   0.02947
     81/99     12.9G   0.02791   0.03095   0.02039   0.07925       337       640    0.4552    0.6426    0.4469    0.3056   0.03604   0.02992   0.02936
     82/99     12.9G   0.02862   0.03616   0.02009   0.08487       304       640    0.4661     0.661     0.449     0.332   0.03394   0.03002   0.02927
     83/99     12.9G    0.0256   0.03344   0.01999   0.07904       284       640    0.4712    0.6637    0.4521    0.3199   0.03357   0.02984    0.0292
     84/99     12.9G   0.02644   0.03468   0.01934   0.08046       217       640    0.4924    0.6851    0.4654    0.3302   0.03289   0.02945   0.02913
     85/99     12.9G   0.02584   0.03282   0.01985    0.0785       328       640    0.4829    0.6845      0.46    0.3236   0.03322   0.02946   0.02906
     86/99     12.9G   0.02767   0.03471    0.0199   0.08228       316       640    0.4776     0.678    0.4666    0.3301   0.03273   0.02942   0.02899
     87/99     12.9G   0.02572   0.03631   0.01875   0.08078       296       640    0.6091    0.6337    0.4724    0.3376   0.03254   0.02898    0.0289
     88/99     12.9G   0.02551   0.03188   0.01907   0.07646       339       640    0.5445    0.6375    0.4767    0.3379   0.03226   0.02893   0.02886
     89/99     12.9G   0.02601   0.03575   0.01945   0.08121       302       640      0.47    0.6692    0.4648    0.3423   0.03228   0.02888   0.02883
     90/99     12.9G   0.02561   0.03493   0.01851   0.07904       282       640    0.4875    0.6768    0.4751     0.331   0.03236   0.02894   0.02878
     91/99     12.9G   0.02548   0.03303   0.01892   0.07743       275       640    0.4168    0.7424     0.477    0.3327   0.03292   0.02913   0.02873
     92/99     12.9G   0.02552   0.03356   0.01858   0.07766       314       640    0.4153    0.7455    0.4769    0.2869   0.03698   0.02899   0.02871
     93/99     12.9G   0.03045   0.03492   0.01929   0.08466       317       640    0.4087    0.7279    0.4618    0.3366    0.0334    0.0296   0.02867
     94/99     12.9G   0.02586   0.03387   0.01897    0.0787       193       640    0.4529    0.6863    0.4533    0.3246   0.03363   0.02963   0.02864
     95/99     12.9G   0.02553   0.03276   0.01895   0.07724       363       640    0.4567    0.7014    0.4603    0.3261   0.03358   0.02921   0.02864
     96/99     12.9G    0.0259   0.03299   0.01876   0.07765       204       640    0.4143    0.7285    0.4607    0.3224   0.03431     0.029   0.02866
     97/99     12.9G   0.02829   0.03327   0.01788   0.07944       344       640    0.4162    0.7441    0.4594    0.3198   0.03433   0.02938   0.02867
     98/99     12.9G   0.02574   0.03367   0.01905   0.07846       269       640    0.4351    0.7123    0.4669    0.3361   0.03299   0.02951   0.02867
     99/99     12.9G   0.02416   0.03377   0.01894   0.07687       207       640    0.4279    0.7399    0.4703     0.335   0.03226   0.02936   0.02866
