     0/299     13.7G   0.08085   0.03535   0.04512    0.1613       289       640  0.003482   0.06175  0.001128 0.0002123     0.111   0.03841   0.04749
     1/299     14.3G   0.07974   0.03217    0.0449    0.1568       283       640  0.003317  0.005418 0.0006096 8.607e-05    0.1073   0.03801   0.04716
     2/299     11.8G   0.07672   0.03454   0.04461    0.1559       365       640  0.004172  0.006332 0.0006957 0.0001433     0.104   0.03842   0.04676
     3/299     11.8G   0.07402   0.03668   0.04404    0.1547       201       640  0.009737  0.008748  0.002368 0.0003202    0.1005   0.03931   0.04635
     4/299     11.8G   0.07144   0.03616   0.04363    0.1512       262       640  0.004364    0.1339  0.002925 0.0005698   0.09729   0.04015   0.04601
     5/299     11.8G   0.07074   0.03483   0.04287    0.1484       220       640  0.007626   0.05274  0.005905  0.001126   0.09551   0.04012   0.04555
     6/299     11.8G   0.06916   0.03562   0.04232    0.1471       310       640   0.01655   0.03905  0.009372  0.002186   0.09363   0.04045   0.04502
     7/299     11.8G   0.06545   0.03726   0.04135     0.144       222       640   0.01877   0.04431   0.01301  0.003501   0.09086   0.04079   0.04462
     8/299     11.8G   0.06449   0.03808   0.04073    0.1433       234       640    0.1451   0.07117   0.02985  0.006269    0.0879    0.0408   0.04423
     9/299     11.8G   0.06235   0.04076   0.03962    0.1427       312       640    0.3294   0.07154    0.0402  0.009859   0.08558   0.04129   0.04388
    10/299     11.8G   0.06037   0.03731   0.03897    0.1367       242       640     0.403   0.06993   0.04414    0.0128   0.08434   0.04128   0.04342
    11/299     11.8G   0.05869   0.04228   0.03742    0.1384       324       640    0.5145   0.07611   0.05289   0.01752    0.0814   0.04189   0.04315
    12/299     11.8G   0.05642   0.04072   0.03659    0.1337       322       640    0.5872   0.06232   0.06126   0.02586   0.07921   0.04236    0.0427
    13/299     11.8G   0.05447   0.03955   0.03614    0.1302       263       640    0.5143   0.09119   0.06481   0.02712   0.07757   0.04224   0.04236
    14/299     11.8G   0.05357   0.03755   0.03586     0.127       319       640    0.4705    0.1051   0.07867    0.0333   0.07494   0.04266   0.04204
    15/299     11.8G   0.05199   0.04181   0.03478    0.1286       387       640    0.5017     0.129   0.08411   0.03498   0.07445   0.04211   0.04201
    16/299     11.8G     0.051   0.03994   0.03421    0.1251       276       640    0.5316    0.1248   0.09012   0.04316   0.07224   0.04142   0.04173
    17/299     11.8G   0.04912    0.0403   0.03379    0.1232       280       640     0.596    0.1316    0.1018   0.04548   0.07039   0.04091   0.04142
    18/299     11.8G   0.04862   0.03802   0.03257    0.1192       278       640    0.4916    0.1398    0.0515   0.01455   0.07597   0.03858   0.04117
    19/299     11.8G   0.05386   0.03705   0.03396    0.1249       255       640    0.6081    0.1078   0.09302    0.0386   0.06991   0.03997   0.04076
    20/299     11.8G   0.05167   0.03684   0.03374    0.1223       237       640    0.6072    0.1258    0.1067   0.04505   0.06807   0.04041    0.0403
    21/299     11.8G   0.05099   0.03786   0.03212     0.121       351       640     0.166    0.2108   0.09318   0.03201   0.07699   0.03598   0.03989
    22/299     11.8G   0.05378   0.03394   0.03226      0.12       199       640     0.134    0.3258    0.1265   0.04677   0.07559   0.03374   0.03958
    23/299     11.8G   0.05261   0.03908   0.03083    0.1225       330       640    0.1307    0.3049    0.1008   0.03381   0.07776   0.03339   0.03945
    24/299     11.8G   0.04873   0.03538   0.03092     0.115       280       640    0.1584    0.3635    0.1596    0.0715   0.07206   0.03472   0.03911
    25/299     11.8G   0.05125    0.0355    0.0314    0.1181       291       640    0.2382    0.3596    0.1766   0.07446   0.06975   0.03583   0.03899
    26/299     11.8G   0.04944   0.03502   0.03072    0.1152       232       640    0.2108    0.3841    0.1695   0.05913   0.07107    0.0354   0.03883
    27/299     11.8G   0.04765   0.03507   0.03078    0.1135       231       640    0.3619    0.3298    0.2032   0.07672   0.06598   0.03691   0.03851
    28/299     11.8G   0.04716   0.03289   0.03056    0.1106       197       640    0.1448    0.4347    0.1821   0.05557    0.0686   0.03698   0.03822
    29/299     11.8G   0.04781   0.03463   0.02994    0.1124       257       640    0.4336    0.3179    0.2256     0.102   0.06141   0.03825   0.03783
    30/299     11.8G   0.04637   0.03584   0.02959    0.1118       307       640    0.2042    0.5117    0.2639    0.1297   0.05743   0.03849   0.03753
    31/299     11.8G   0.04912    0.0344    0.0296    0.1131       247       640    0.4103     0.393    0.2745     0.119    0.0633   0.03605   0.03725
    32/299     11.8G   0.04757   0.03232   0.03028    0.1102       284       640    0.2007    0.5035    0.2733    0.1508   0.06093   0.03549   0.03673
    33/299     11.8G   0.04405   0.03535   0.02939    0.1088       310       640    0.2761    0.4488     0.253    0.1095   0.06156   0.03509    0.0366
    34/299     11.8G   0.04623   0.03506   0.02893    0.1102       300       640    0.2074    0.5392    0.2619    0.1165   0.06566   0.03343    0.0363
    35/299     11.8G   0.04455    0.0345   0.02827    0.1073       245       640    0.4886     0.281    0.2705    0.1429   0.06602   0.03336     0.036
    36/299     11.8G    0.0442   0.03386   0.02915    0.1072       334       640    0.4966    0.4389    0.3378    0.1615   0.05709   0.03395   0.03556
    37/299     11.8G   0.04428   0.03715   0.02766    0.1091       301       640    0.5703    0.3226    0.3404    0.1769   0.05246   0.03394   0.03522
    38/299     11.8G   0.04087   0.03785   0.02737    0.1061       251       640    0.3199     0.567    0.3405    0.1875   0.05164   0.03273   0.03493
    39/299     11.8G   0.04152   0.03819   0.02663    0.1063       325       640     0.619    0.2972    0.3073    0.1299   0.05575   0.03284   0.03471
    40/299     11.8G   0.04273   0.03277   0.02772    0.1032       294       640    0.4885    0.4134    0.2809    0.1385   0.05664   0.03299   0.03445
    41/299     11.8G   0.04367   0.03369   0.02783    0.1052       201       640    0.3484    0.4764    0.3484    0.1708   0.05576   0.03181    0.0341
    42/299     11.8G   0.04195   0.03395   0.02723    0.1031       261       640    0.5646     0.372    0.3547    0.1787   0.06136   0.03015   0.03366
    43/299     11.8G   0.04529   0.03251   0.02696    0.1048       296       640     0.563    0.3878    0.3155    0.1832    0.0587   0.03075   0.03333
    44/299     11.8G    0.0401   0.03575    0.0266    0.1025       281       640    0.5544     0.408    0.3355    0.1892   0.05403   0.02971   0.03294
    45/299     11.8G   0.04126   0.03282    0.0249   0.09897       235       640    0.5592    0.4544    0.3631    0.1974   0.05234   0.03087   0.03285
    46/299     11.8G   0.03861   0.03619   0.02489    0.0997       232       640     0.566    0.4088    0.3829    0.2028   0.04833   0.03073   0.03253
    47/299     11.8G   0.03868   0.03636   0.02478   0.09982       290       640    0.5743    0.4542    0.3821    0.2025   0.04759    0.0306   0.03227
    48/299     11.8G   0.03892    0.0349   0.02528   0.09909       285       640    0.3168    0.5868    0.3579    0.1944   0.05629   0.03004   0.03172
    49/299     11.8G   0.04122   0.03345   0.02483    0.0995       219       640    0.5596    0.4027     0.372    0.2002    0.0504   0.03013   0.03136
    50/299     11.8G   0.03819   0.03266   0.02475    0.0956       191       640    0.5594     0.459    0.3708    0.2124    0.0482   0.03096   0.03121
    51/299     11.8G    0.0358    0.0332   0.02376   0.09276       317       640    0.6081    0.3937     0.385    0.1785   0.04443   0.03072     0.031
    52/299     11.8G   0.03508   0.03234   0.02367   0.09109       226       640    0.5558    0.4847    0.3701    0.2023   0.04774   0.03096   0.03067
    53/299     11.8G   0.03612   0.03341   0.02322   0.09274       288       640     0.598    0.4898     0.386    0.2264   0.04581   0.03054   0.03061
    54/299     11.8G   0.03522   0.03228    0.0223    0.0898       221       640     0.542     0.532    0.4008     0.239   0.04625    0.0299    0.0305
    55/299     11.8G   0.03518   0.03196   0.02302   0.09015       226       640     0.569     0.372    0.3451     0.215   0.05038   0.02971    0.0303
    56/299     11.8G   0.03624   0.03269   0.02293   0.09186       193       640     0.565    0.4526    0.3592    0.1878    0.0537   0.02934   0.03017
    57/299     11.8G   0.04451   0.03124   0.02309   0.09885       236       640      0.53    0.3814    0.3304    0.1427   0.05639   0.02932      0.03
    58/299     11.8G   0.04494   0.02842   0.02352   0.09688       190       640    0.4807    0.4855    0.3424    0.1379   0.05843    0.0289   0.02997
    59/299     11.8G   0.04607   0.03045   0.02361    0.1001       281       640    0.5712     0.402    0.3267    0.1602   0.06578   0.02693   0.03032
    60/299     11.8G   0.04559   0.02768   0.02445   0.09772       231       640    0.5793    0.4104    0.3348    0.1682   0.06559   0.02694   0.03032
    61/299     11.8G   0.04259   0.02801   0.02466   0.09527       211       640    0.4454    0.4601    0.3288    0.1599   0.07302   0.02459   0.02991
    62/299     11.8G   0.04119   0.02916   0.02335   0.09369       290       640    0.5879    0.4795     0.384    0.2269   0.06756     0.025   0.02974
    63/299     11.8G   0.04058   0.02698   0.02219   0.08975       287       640    0.6142    0.4853     0.397    0.1932    0.0649   0.02657   0.02961
    64/299     11.8G   0.03934   0.03033   0.02262   0.09228       317       640    0.5593    0.5042    0.4134    0.2331   0.06007   0.02706   0.02977
    65/299     11.8G   0.03743   0.03089   0.02253   0.09085       248       640    0.5921    0.4392    0.4034    0.2251    0.0626   0.02602   0.02978
    66/299     11.8G   0.03942   0.03088   0.02318   0.09348       270       640    0.5786     0.499    0.4031    0.2496   0.06153   0.02484   0.02969
    67/299     11.8G   0.03827   0.03145   0.02313   0.09285       388       640    0.6315    0.4508    0.3996    0.1972   0.06127   0.02482   0.02936
    68/299     11.8G   0.03672   0.02993   0.02255    0.0892       277       640    0.4551    0.6236    0.4081    0.2298   0.05802   0.02554   0.02915
    69/299     11.8G   0.03494   0.03213   0.02156   0.08863       239       640    0.3757     0.627    0.4084    0.2579   0.05806   0.02532   0.02878
    70/299     11.8G    0.0357   0.03129   0.02171   0.08871       285       640    0.6037    0.5257    0.4309     0.268   0.05993   0.02419   0.02849
    71/299     11.8G   0.03748   0.03142   0.02182   0.09072       274       640    0.3515    0.6642    0.4318    0.2456   0.05971   0.02522   0.02848
    72/299     11.8G   0.03702   0.03562    0.0209   0.09353       206       640    0.3732    0.6857    0.4539    0.2427   0.05744   0.02505   0.02821
    73/299     11.8G   0.03487   0.03232   0.02097   0.08816       334       640    0.6215    0.5196    0.4613    0.2783   0.05649   0.02454   0.02786
    74/299     11.8G   0.03365   0.03139   0.02041   0.08545       270       640    0.4664    0.6661    0.4663    0.2918   0.05588   0.02497   0.02782
    75/299     11.8G   0.03295   0.03238   0.01929   0.08463       279       640    0.5867    0.5429    0.4687    0.3094   0.05485   0.02562   0.02775
    76/299     11.8G   0.03006   0.03102   0.02001   0.08109       202       640    0.6354    0.5273    0.4821    0.3277   0.05264    0.0258   0.02772
    77/299     11.8G   0.03038   0.03168   0.01969   0.08175       274       640    0.6132    0.5623    0.4837    0.3297    0.0539   0.02513   0.02761
    78/299     11.8G   0.03192   0.02979   0.01897   0.08067       247       640    0.5844    0.5455    0.4899    0.3181   0.05434   0.02525   0.02736
    79/299     11.8G    0.0333   0.03111   0.01869    0.0831       273       640    0.4619     0.704    0.4979    0.3345   0.05297   0.02561   0.02701
    80/299     11.8G   0.03137   0.03242   0.01897   0.08276       301       640    0.3843    0.7331    0.4873    0.3298   0.05106   0.02543    0.0268
    81/299     11.8G   0.03002   0.02735   0.01887   0.07624       337       640    0.3922    0.7259    0.5145    0.3408   0.05389    0.0255   0.02661
    82/299     11.8G   0.03377   0.03206   0.01858   0.08441       304       640    0.3903    0.7308     0.516    0.3704   0.05096   0.02635   0.02664
    83/299     11.8G   0.02983   0.02948   0.01809   0.07741       284       640    0.3649    0.7548    0.5325    0.3769   0.05015   0.02608   0.02642
    84/299     11.8G   0.03028   0.03057   0.01724   0.07809       217       640    0.3927    0.7767    0.5421      0.37   0.05058   0.02688   0.02633
    85/299     11.8G   0.03033   0.02827   0.01792   0.07652       328       640    0.4322    0.7443     0.549    0.3835   0.05074   0.02667   0.02623
    86/299     11.8G   0.03272   0.03042   0.01843   0.08157       316       640    0.4064    0.7317    0.5583    0.3876   0.05202   0.02615   0.02604
    87/299     11.8G   0.03237   0.03119   0.01686   0.08042       296       640    0.4184      0.73    0.5374    0.3815   0.05081   0.02674   0.02582
    88/299     11.8G   0.02864   0.02746   0.01693   0.07304       339       640    0.3802    0.7699    0.5546    0.3942   0.04933   0.02656   0.02577
    89/299     11.8G    0.0278   0.03191   0.01735   0.07707       302       640    0.3836    0.7599    0.5407    0.3919   0.04797   0.02634   0.02552
    90/299     11.8G    0.0283   0.03129   0.01616   0.07575       282       640    0.3792    0.7702    0.5362    0.3746   0.04725   0.02759   0.02542
    91/299     11.8G   0.02823   0.02901   0.01641   0.07365       275       640    0.3551    0.8658    0.5303    0.3629    0.0475   0.02783   0.02531
    92/299     11.8G   0.02758    0.0308   0.01616   0.07454       314       640    0.3333    0.8653    0.5379    0.3457   0.05203   0.02608   0.02536
    93/299     11.8G    0.0355   0.03012   0.01658    0.0822       317       640    0.3686    0.8382    0.5706    0.3897   0.05033   0.02679   0.02531
    94/299     11.8G   0.03005   0.03015   0.01666   0.07687       193       640    0.3859     0.817    0.5798     0.409   0.04832   0.02613   0.02523
    95/299     11.8G   0.02866   0.02924   0.01671    0.0746       363       640    0.4053    0.7974    0.5682    0.4092    0.0477   0.02696   0.02523
    96/299     11.8G   0.02932   0.02929   0.01632   0.07494       204       640    0.4851    0.7643    0.5785    0.4069   0.04951   0.02752   0.02538
    97/299     11.8G   0.03017   0.02959   0.01551   0.07527       344       640    0.4835    0.7521    0.5832    0.4129   0.04784   0.02662   0.02528
    98/299     11.8G   0.02849   0.02963   0.01576   0.07387       269       640    0.4843    0.7398    0.5889    0.3924   0.04642   0.02599   0.02513
    99/299     11.8G   0.02856    0.0301   0.01572   0.07439       207       640    0.4607    0.7622    0.5668    0.4029   0.04571   0.02775   0.02511
   100/299     11.8G   0.03054   0.03282   0.01547   0.07882       242       640    0.5168    0.6548    0.5736    0.4087   0.04438   0.02691   0.02495
   101/299     11.8G   0.02775   0.02735   0.01567   0.07077       225       640    0.4242    0.8158    0.5688    0.4031   0.04608   0.02575   0.02487
   102/299     11.8G   0.02773   0.03042   0.01475    0.0729       212       640    0.4685    0.7955      0.59    0.4031   0.04665   0.02593   0.02481
   103/299     11.8G   0.02726    0.0328   0.01451   0.07458       290       640      0.46    0.8286     0.589    0.4156   0.04518   0.02693   0.02464
   104/299     11.8G   0.02798   0.02731   0.01522   0.07051       232       640    0.5024    0.7332    0.5697    0.4098   0.04385   0.02797   0.02453
   105/299     11.8G   0.02667   0.02848   0.01406   0.06921       262       640    0.5499    0.6966    0.5784    0.4117   0.04625   0.02691   0.02452
   106/299     11.8G   0.02608   0.03105   0.01376   0.07088       351       640    0.5017    0.7194     0.578    0.4289   0.04407   0.02733   0.02445
   107/299     11.8G   0.02593   0.03119   0.01381   0.07093       321       640    0.5383    0.6955    0.5945    0.4325   0.04672   0.02716    0.0247
   108/299     11.8G   0.02816   0.02536   0.01411   0.06762       221       640    0.4596    0.7781    0.5867    0.4217    0.0465   0.02826   0.02461
   109/299     11.8G   0.02683   0.02833   0.01416   0.06932       210       640    0.5342    0.7847    0.5982    0.4299   0.04611   0.02719   0.02459
   110/299     11.8G   0.02701   0.02922   0.01307   0.06929       224       640    0.5296      0.77     0.607     0.442   0.04539   0.02725   0.02457
   111/299     11.8G   0.02557   0.02691   0.01288   0.06536       282       640    0.5378    0.8007     0.626    0.4691   0.04338   0.02767   0.02445
   112/299     11.8G   0.02768   0.02804   0.01228     0.068       258       640    0.5272    0.8251    0.6244    0.4651   0.04471   0.02807   0.02448
   113/299     11.8G   0.02789   0.02899   0.01251   0.06939       259       640    0.5314    0.8506    0.6329    0.4459   0.04546   0.02677    0.0245
   114/299     11.8G    0.0269   0.02874   0.01226    0.0679       260       640    0.5244    0.8476    0.6199    0.4528   0.04249   0.02649   0.02439
   115/299     11.8G   0.02379   0.02799    0.0131   0.06488       290       640    0.5238    0.8374    0.6264    0.4703   0.04068   0.02738   0.02428
   116/299     11.8G   0.02372   0.02947   0.01185   0.06505       272       640    0.5369    0.8325    0.6227    0.4569   0.04207   0.02867    0.0241
   117/299     11.8G    0.0259   0.02952    0.0123   0.06773       352       640    0.5605    0.7906    0.6116    0.4524   0.04208   0.02991    0.0241
   118/299     11.8G   0.02343   0.02755   0.01234   0.06332       263       640    0.5232    0.8574    0.6091    0.4347    0.0427   0.03064   0.02429
   119/299     11.8G   0.02319   0.02756    0.0122   0.06296       251       640     0.552    0.7596    0.6034    0.4402   0.04374   0.03122   0.02442
   120/299     11.8G    0.0253   0.03072   0.01191   0.06793       337       640    0.4865    0.8535     0.597    0.4344   0.04309   0.03206   0.02437
   121/299     11.8G    0.0263   0.02814   0.01224   0.06668       322       640    0.5281    0.7691    0.6134    0.4494   0.04218   0.03273   0.02422
   122/299     11.8G   0.02449   0.02853   0.01164   0.06465       270       640    0.5244     0.817    0.6162    0.4571   0.03996   0.03324   0.02419
   123/299     11.8G    0.0231   0.02753   0.01216   0.06279       242       640    0.5313    0.8727    0.6362    0.4716   0.03792   0.03436    0.0242
   124/299     11.8G   0.02297   0.02932    0.0113   0.06359       226       640    0.5343    0.8664    0.6448    0.4764   0.03732   0.03433    0.0241
   125/299     11.8G   0.02358   0.02713   0.01115   0.06186       278       640     0.555    0.8426    0.6523    0.4861   0.03633   0.03392   0.02385
   126/299     11.8G   0.02278   0.02934   0.01139   0.06351       342       640    0.5553    0.8261    0.6527    0.4764   0.03671   0.03333   0.02395
   127/299     11.8G   0.02081   0.02768   0.01115   0.05964       277       640    0.5627    0.8283    0.6551    0.4992   0.03419   0.03236   0.02388
   128/299     11.8G   0.02168   0.03025   0.01134   0.06327       236       640    0.5645    0.8731    0.6559    0.4889   0.03425   0.03266   0.02367
   129/299     11.8G   0.02218   0.02799   0.01044   0.06061       218       640    0.5882    0.8508    0.6564    0.4856   0.03582   0.03232    0.0236
   130/299     11.8G   0.02215   0.02738   0.01116   0.06069       259       640    0.5727    0.8403    0.6373     0.473   0.03375   0.03182   0.02346
   131/299     11.8G   0.02188   0.02754   0.01132   0.06074       210       640    0.5987    0.7759     0.642    0.4951   0.03414   0.03264   0.02337
   132/299     11.8G   0.02198    0.0274   0.01119   0.06057       189       640    0.5592    0.8296    0.6429    0.4729   0.03417   0.03368   0.02321
   133/299     11.8G   0.02278   0.03034   0.01059    0.0637       390       640    0.5813    0.7954    0.6241    0.4617   0.03286   0.03336    0.0231
   134/299     11.8G   0.02115   0.02912   0.01075   0.06102       197       640    0.5749    0.7836    0.6311    0.4722   0.03298   0.03413   0.02292
   135/299     11.8G   0.02129   0.03248   0.01084   0.06461       320       640    0.5753    0.7668     0.622    0.4763   0.03267   0.03248   0.02282
   136/299     11.8G   0.02231   0.02699   0.01026   0.05957       205       640    0.5916    0.7509     0.631    0.4748   0.03365   0.03253   0.02274
   137/299     11.8G   0.02266    0.0261  0.009672   0.05842       335       640    0.5628    0.8153    0.6361    0.4876   0.03343   0.03206   0.02281
   138/299     11.8G   0.02072   0.02704   0.01002   0.05777       267       640    0.5691    0.7929    0.6438    0.4937   0.03298   0.03154   0.02279
   139/299     11.8G   0.02047   0.02493   0.01046   0.05585       272       640    0.5796    0.7831    0.6578    0.5153   0.03142   0.03131   0.02276
   140/299     11.8G   0.02046   0.02732   0.00958   0.05736       309       640    0.5773    0.8125    0.6743    0.5106   0.03355   0.03161   0.02278
   141/299     11.8G   0.02295     0.028  0.009198   0.06015       258       640    0.5838    0.8089    0.6634    0.5028   0.03483   0.03136   0.02274
   142/299     11.8G   0.02065   0.02649  0.009663    0.0568       282       640    0.5899    0.8048    0.6592    0.5117   0.03343   0.03259   0.02239
   143/299     11.8G   0.02032   0.02812  0.009891   0.05834       252       640    0.5843    0.8234     0.673    0.5284    0.0327   0.03372   0.02237
   144/299     11.8G   0.02083   0.02815   0.00971   0.05869       285       640    0.5947    0.7734    0.6578    0.5092   0.03211   0.03464   0.02242
   145/299     11.8G   0.02295   0.02654   0.01029   0.05978       238       640    0.5934    0.8152    0.6705    0.5111   0.03275   0.03531   0.02237
   146/299     11.8G   0.02179   0.02888  0.009884   0.06054       190       640    0.5885    0.7937    0.6519    0.4954   0.03289   0.03318   0.02251
   147/299     11.8G   0.01996   0.02655  0.009206   0.05572       254       640      0.61    0.7845    0.6593     0.504   0.03221   0.03393    0.0225
   148/299     11.8G   0.02079   0.02696  0.009981   0.05773       350       640    0.6023      0.79    0.6658    0.5068   0.03208   0.03338   0.02217
   149/299     11.8G   0.02253   0.02818  0.009456   0.06017       280       640    0.5962    0.8258     0.662    0.4994   0.03227     0.033   0.02207
   150/299     11.8G    0.0211   0.02751  0.009537   0.05815       237       640    0.5886    0.8173    0.6589    0.5123   0.03107   0.03261   0.02207
   151/299     11.8G   0.01944   0.02815  0.009607   0.05719       234       640    0.5999    0.7836     0.671    0.5253   0.03136   0.03104   0.02194
   152/299     11.8G   0.02047   0.02872  0.009897   0.05909       261       640    0.5912    0.8133    0.6864    0.5257   0.03248   0.03088   0.02174
   153/299     11.8G   0.02058   0.02747  0.009316   0.05736       298       640    0.5883    0.8021    0.6649    0.5152   0.03138   0.03209   0.02176
   154/299     11.8G   0.01973   0.02501  0.009372   0.05411       232       640    0.5888    0.8368     0.661    0.5105   0.03056   0.03284   0.02184
   155/299     11.8G   0.01878   0.02868  0.008856   0.05632       202       640    0.6053    0.7715    0.6487     0.507    0.0306   0.03269   0.02183
   156/299     11.8G   0.01905   0.02605  0.009383   0.05448       222       640    0.5845    0.7972    0.6564    0.5116   0.03108   0.03293   0.02161
   157/299     11.8G   0.02188   0.02758  0.009233    0.0587       357       640      0.58    0.8172     0.652    0.5067   0.03102   0.03249    0.0216
   158/299     11.8G   0.01853   0.02475  0.008634   0.05191       261       640    0.5714    0.8443     0.649    0.5078   0.03066     0.032   0.02163
   159/299     11.8G   0.01807   0.02451  0.008567   0.05115       241       640    0.5735    0.8289    0.6489    0.5086   0.03048   0.03286   0.02177
   160/299     11.8G   0.01863   0.02716  0.008922    0.0547       190       640    0.5829    0.8436    0.6557    0.5132   0.03038   0.03225   0.02168
   161/299     11.8G   0.02031   0.02819  0.008567   0.05707       313       640    0.5935    0.8452    0.6604    0.5009   0.03095   0.03267    0.0218
   162/299     11.8G    0.0201   0.02798  0.009107   0.05719       267       640    0.5762    0.8572     0.647     0.493   0.03046    0.0331   0.02198
   163/299     11.8G    0.0191   0.02906  0.008955   0.05712       333       640    0.5524    0.8884     0.646    0.4921   0.03011    0.0328   0.02202
   164/299     11.8G   0.01906   0.02613  0.008879   0.05408       356       640    0.5583    0.8333     0.644    0.4947   0.03034   0.03206   0.02198
   165/299     11.8G   0.01986    0.0262  0.008969   0.05503       297       640     0.569    0.8243    0.6474    0.4988   0.03098   0.03242   0.02204
   166/299     11.8G   0.01904    0.0274  0.008396   0.05483       283       640    0.5661    0.8246    0.6515    0.5054   0.03072    0.0322   0.02203
   167/299     11.8G   0.01713   0.02471  0.008453   0.05029       281       640    0.5539    0.8435    0.6532    0.5065   0.02993   0.03238   0.02198
   168/299     11.8G   0.01867   0.02461  0.008374   0.05166       285       640    0.5815    0.8057    0.6388    0.4909   0.02948   0.03304   0.02189
   169/299     11.8G    0.0197   0.02633  0.008738   0.05476       297       640    0.5495    0.8998    0.6545     0.494   0.02983   0.03354   0.02191
   170/299     11.8G   0.01878   0.02736  0.008803   0.05494       345       640     0.597    0.8298    0.6585    0.5102   0.02943   0.03259   0.02186
   171/299     11.8G   0.01792   0.02725  0.008786   0.05395       210       640    0.5835    0.8642    0.6659    0.5212   0.02846   0.03166   0.02175
   172/299     11.8G   0.01862   0.02833  0.008079   0.05503       278       640    0.5825    0.8413    0.6514    0.5083   0.02823   0.03211   0.02153
   173/299     11.8G   0.01892   0.02806  0.008297   0.05528       334       640    0.5835    0.8312    0.6471    0.5129   0.02816   0.03274   0.02144
   174/299     11.8G   0.01809   0.02727  0.008186   0.05355       261       640    0.5944    0.8062    0.6495    0.5168   0.02868   0.03315   0.02149
   175/299     11.8G   0.01709   0.02452  0.008344   0.04995       199       640    0.5717    0.8925    0.6682    0.5204   0.02937   0.03352   0.02152
   176/299     11.8G   0.01843   0.02608   0.00852   0.05303       277       640    0.5895     0.859    0.6627    0.5183   0.02999   0.03253   0.02148
   177/299     11.8G   0.01849    0.0261  0.008177   0.05277       320       640    0.5997    0.8653    0.6688     0.512   0.03054   0.03252   0.02152
   178/299     11.8G   0.01843    0.0265  0.007943   0.05287       376       640    0.5895    0.8807    0.6725    0.5253   0.03014   0.03297   0.02152
   179/299     11.8G   0.01702   0.02398  0.008168   0.04916       284       640    0.6082    0.8233    0.6654    0.5235   0.02963   0.03364   0.02136
   180/299     11.8G   0.01762   0.02699  0.007647   0.05226       299       640    0.5823    0.8959    0.6609    0.5172   0.03017   0.03442   0.02128
   181/299     11.8G   0.01928   0.02702  0.008121   0.05442       345       640     0.587    0.8766    0.6551    0.5088   0.03001   0.03423   0.02117
   182/299     11.8G   0.01804   0.02737  0.008066   0.05347       320       640    0.5914    0.8708    0.6598    0.5205   0.02926   0.03331   0.02107
   183/299     11.8G   0.01762    0.0256  0.008092   0.05131       307       640    0.5941    0.9042     0.669    0.5252     0.029   0.03355   0.02106
   184/299     11.8G   0.01729   0.02524  0.007807   0.05033       254       640    0.6147    0.8055    0.6674    0.5314   0.02819   0.03333   0.02104
   185/299     11.8G   0.01719     0.026  0.008127   0.05131       303       640    0.6203    0.8128    0.6696    0.5369   0.02813   0.03316   0.02112
   186/299     11.8G    0.0174   0.02494  0.008098   0.05044       288       640    0.5905    0.8651     0.663    0.5345   0.02836   0.03322    0.0212
   187/299     11.8G   0.01688   0.02681  0.008017   0.05171       314       640    0.6171    0.8616    0.6638    0.5311    0.0283   0.03302   0.02128
   188/299     11.8G   0.01684   0.02668  0.007886   0.05141       287       640    0.6259    0.8229    0.6578    0.5184   0.02876   0.03266   0.02134
   189/299     11.8G   0.01754   0.02613  0.008041   0.05171       287       640    0.5922    0.8608     0.653    0.5122   0.02864   0.03289   0.02137
   190/299     11.8G   0.01667   0.02509  0.007981   0.04974       208       640    0.6189    0.8033    0.6575    0.5184   0.02833   0.03303   0.02135
   191/299     11.8G   0.01674   0.02648  0.008125   0.05135       282       640     0.604     0.807    0.6637    0.5146   0.02865   0.03312    0.0213
   192/299     11.8G   0.01711    0.0262  0.007607   0.05092       263       640    0.5727    0.8822    0.6595    0.5183   0.02916   0.03342   0.02133
   193/299     11.8G   0.01758   0.02613  0.007971   0.05168       258       640    0.6182    0.8018    0.6649    0.5313    0.0293   0.03327   0.02126
   194/299     11.8G   0.01651   0.02687  0.007758   0.05113       299       640    0.6121    0.7993    0.6664    0.5325   0.02851   0.03315   0.02116
   195/299     11.8G   0.01637   0.02573  0.007541   0.04964       272       640    0.5964    0.8389    0.6664    0.5337   0.02836   0.03316   0.02114
   196/299     11.8G   0.01672   0.02407  0.007825   0.04862       220       640    0.5913    0.8657    0.6702     0.533   0.02804   0.03318     0.021
   197/299     11.8G   0.01665   0.02604  0.007259   0.04995       373       640    0.5929    0.8621    0.6703    0.5378   0.02806   0.03344   0.02091
   198/299     11.8G   0.01661   0.02226  0.007881   0.04676       250       640    0.5971     0.856    0.6803    0.5369   0.02831   0.03334   0.02084
   199/299     11.8G   0.01681    0.0252  0.007481   0.04949       327       640     0.624    0.7721    0.6764    0.5365   0.02771   0.03304   0.02078
   200/299     11.8G   0.01733   0.02583  0.007546   0.05071       269       640    0.6033    0.8473    0.6844    0.5401   0.02785   0.03281    0.0208
   201/299     11.8G   0.01679   0.02486  0.007937   0.04959       240       640    0.6096    0.8373    0.6941    0.5599   0.02801    0.0325   0.02098
   202/299     11.8G    0.0164   0.02417  0.007678   0.04825       243       640    0.6095    0.8523    0.6893    0.5482   0.02794   0.03273   0.02112
   203/299     11.8G   0.01579    0.0238   0.00742   0.04701       258       640    0.5708    0.9115    0.6894    0.5522   0.02893   0.03321   0.02124
   204/299     11.8G   0.01587   0.02362  0.007586   0.04707       160       640    0.5833    0.8791    0.6816    0.5477   0.02914   0.03321   0.02135
   205/299     11.8G   0.01646   0.02415  0.007467   0.04808       238       640    0.5819    0.8644    0.6722     0.545   0.02881   0.03309    0.0213
   206/299     11.8G   0.01489   0.02556  0.007124   0.04758       340       640    0.5794    0.8967    0.6644    0.5305   0.02875   0.03321    0.0213
   207/299     11.8G   0.01636   0.02279  0.007492   0.04664       264       640    0.5884    0.8767    0.6632    0.5299   0.02859   0.03383   0.02132
   208/299     11.8G    0.0162   0.02539  0.007307    0.0489       290       640     0.599    0.8684    0.6657    0.5301   0.02843   0.03371   0.02141
   209/299     11.8G   0.01499   0.02362  0.006709   0.04531       257       640    0.5898     0.875    0.6611    0.5337   0.02836   0.03345   0.02141
   210/299     11.8G   0.01603   0.02267  0.006995    0.0457       192       640    0.5971    0.8667     0.657    0.5342   0.02887   0.03344   0.02143
   211/299     11.8G   0.01584   0.02401  0.007137   0.04699       240       640     0.614    0.8365     0.657     0.529   0.02934   0.03345   0.02137
   212/299     11.8G   0.01623   0.02605  0.006932   0.04921       256       640    0.6212    0.8481    0.6675    0.5344   0.02897   0.03301   0.02124
   213/299     11.8G   0.01516   0.02363  0.006872   0.04566       324       640    0.6008    0.8704    0.6752    0.5428   0.02872   0.03311   0.02124
   214/299     11.8G   0.01577   0.02429   0.00705   0.04712       292       640    0.6004    0.8656    0.6722    0.5457   0.02849   0.03303   0.02134
   215/299     11.8G   0.01605   0.02428  0.007212   0.04754       261       640    0.6058    0.8839    0.6742    0.5451   0.02845   0.03289   0.02142
   216/299     11.8G   0.01478    0.0247  0.007276   0.04675       228       640     0.604    0.8889    0.6748    0.5466   0.02803   0.03296    0.0214
   217/299     11.8G   0.01533   0.02278  0.006773   0.04488       216       640    0.5977    0.8977    0.6752    0.5489   0.02769   0.03296   0.02141
   218/299     11.8G   0.01544   0.02321  0.006957   0.04561       257       640     0.631    0.8388    0.6786    0.5498   0.02747   0.03254   0.02146
   219/299     11.8G   0.01503   0.02364  0.006956   0.04562       296       640    0.6274    0.8459    0.6727    0.5431   0.02742   0.03261   0.02153
   220/299     11.8G   0.01547   0.02405  0.006525   0.04605       301       640    0.6148    0.8527    0.6792    0.5486   0.02776   0.03313   0.02162
   221/299     11.8G   0.01532   0.02478  0.006977   0.04708       278       640    0.5976    0.8792    0.6834     0.557   0.02792   0.03366   0.02167
   222/299     11.8G   0.01589    0.0242  0.007307    0.0474       294       640    0.6092    0.8795    0.6851    0.5548   0.02771   0.03383   0.02165
   223/299     11.8G   0.01556   0.02418  0.007112   0.04685       321       640     0.596    0.9024    0.6852    0.5524    0.0276   0.03393   0.02166
   224/299     11.8G   0.01499   0.02508  0.006927   0.04699       301       640    0.6039    0.8456    0.6738    0.5395   0.02748   0.03343   0.02155
   225/299     11.8G   0.01514   0.02352  0.006803   0.04546       250       640    0.6002     0.856    0.6697    0.5395    0.0277   0.03357   0.02154
   226/299     11.8G    0.0153   0.02199  0.007038   0.04433       185       640    0.5919    0.8833    0.6745    0.5487   0.02831   0.03373   0.02151
   227/299     11.8G   0.01598    0.0232  0.006836   0.04602       190       640    0.6071    0.8704    0.6724    0.5487   0.02852   0.03393   0.02147
   228/299     11.8G    0.0144   0.02371  0.006475   0.04458       325       640    0.6079    0.8737     0.676    0.5469   0.02795   0.03349   0.02126
   229/299     11.8G   0.01546   0.02382  0.007267   0.04655       260       640    0.6107    0.8585    0.6868    0.5574   0.02789   0.03354   0.02115
   230/299     11.8G   0.01534   0.02526  0.006804    0.0474       279       640    0.6067    0.8672    0.6819    0.5499   0.02819   0.03401    0.0212
   231/299     11.8G   0.01555   0.02365  0.006746   0.04594       162       640      0.61    0.8497    0.6801    0.5498   0.02833   0.03408   0.02122
   232/299     11.8G   0.01462    0.0229  0.006594   0.04412       223       640    0.6287     0.823    0.6843    0.5521   0.02889   0.03415   0.02116
   233/299     11.8G   0.01524   0.02455  0.006627   0.04641       303       640    0.6151    0.8345    0.6799    0.5475   0.02895   0.03386   0.02123
   234/299     11.8G   0.01497    0.0232  0.006733    0.0449       296       640    0.6107    0.8398    0.6771    0.5424   0.02881   0.03393   0.02135
   235/299     11.8G   0.01447   0.02432  0.006276   0.04506       313       640    0.6221    0.8216    0.6796    0.5391   0.02875   0.03375   0.02138
   236/299     11.8G   0.01473   0.02297  0.006145   0.04385       170       640    0.6083    0.8204    0.6667    0.5362   0.02876    0.0339   0.02146
   237/299     11.8G   0.01496   0.02069  0.006405   0.04205       170       640    0.6178    0.8047    0.6633    0.5303   0.02876   0.03409   0.02148
   238/299     11.8G   0.01551   0.02326  0.006501   0.04527       237       640    0.6179    0.8104    0.6655    0.5331   0.02882   0.03436   0.02149
   239/299     11.8G   0.01453   0.02331  0.006748   0.04459       303       640    0.6141    0.8247    0.6687    0.5367   0.02878   0.03411   0.02162
   240/299     11.8G    0.0142   0.02221  0.006487   0.04289       288       640    0.6019    0.8473    0.6728    0.5387   0.02887    0.0342   0.02186
   241/299     11.8G   0.01521   0.02209  0.006389   0.04369       297       640    0.6134     0.812    0.6696    0.5373   0.02873   0.03416   0.02193
   242/299     11.8G   0.01559    0.0231  0.006777   0.04546       302       640    0.6116    0.8184    0.6649    0.5339   0.02818   0.03435   0.02206
   243/299     11.8G   0.01393   0.02207  0.006167   0.04216       284       640    0.6226    0.8373    0.6754    0.5364   0.02795   0.03453   0.02208
   244/299     11.8G   0.01529    0.0228    0.0062   0.04429       322       640    0.6181    0.8398    0.6754    0.5367   0.02776   0.03493   0.02199
   245/299     11.8G   0.01426   0.02151  0.006212   0.04198       252       640    0.6023    0.8747    0.6764    0.5331   0.02772     0.035   0.02196
   246/299     11.8G   0.01509   0.02503  0.006628   0.04675       351       640    0.6214    0.8474    0.6758    0.5362   0.02749   0.03492   0.02203
   247/299     11.8G   0.01502   0.02299  0.006645   0.04465       303       640    0.6246    0.8433    0.6736      0.54   0.02748   0.03492   0.02213
   248/299     11.8G   0.01532   0.02434  0.006934    0.0466       356       640    0.6226    0.8386    0.6699    0.5385   0.02768   0.03481   0.02218
   249/299     11.8G   0.01449   0.02451  0.006142   0.04514       301       640    0.6156    0.8317     0.673    0.5367   0.02808   0.03476   0.02227
   250/299     11.8G   0.01458   0.02135   0.00643   0.04236       263       640    0.6162    0.8353    0.6741     0.532   0.02814   0.03495   0.02223
   251/299     11.8G   0.01442   0.02151  0.005896   0.04183       329       640    0.6127    0.8431    0.6706    0.5347   0.02822   0.03526   0.02227
   252/299     11.8G   0.01391   0.02064  0.005897   0.04044       253       640    0.6097    0.8408    0.6707    0.5396    0.0283    0.0355    0.0223
   253/299     11.8G    0.0153   0.02466  0.006404   0.04637       289       640    0.6019    0.8419    0.6705    0.5395   0.02833   0.03528   0.02225
   254/299     11.8G   0.01527   0.02175  0.006565   0.04359       340       640    0.6238    0.8043    0.6712     0.539   0.02822   0.03492   0.02236
   255/299     11.8G   0.01447   0.02285  0.006058   0.04337       327       640    0.6302    0.8046    0.6742    0.5442   0.02797   0.03451   0.02249
   256/299     11.8G   0.01478   0.02441  0.006119   0.04531       274       640    0.6221    0.8105     0.671    0.5359   0.02778   0.03432   0.02278
   257/299     11.8G   0.01421   0.02297  0.006088   0.04327       286       640     0.611    0.8311    0.6681     0.533   0.02795   0.03441   0.02294
   258/299     11.8G   0.01458   0.02404  0.006123   0.04475       282       640    0.6073    0.8268    0.6637    0.5309   0.02801   0.03474   0.02305
   259/299     11.8G   0.01488   0.02234  0.006213   0.04343       326       640    0.6026    0.8219     0.654    0.5257   0.02818   0.03495   0.02314
   260/299     11.8G   0.01435   0.02172  0.006318   0.04238       285       640    0.5937     0.822    0.6509    0.5298   0.02813   0.03503   0.02325
   261/299     11.8G   0.01492   0.02397  0.006653   0.04554       225       640    0.5845    0.8266    0.6557    0.5351   0.02802   0.03488   0.02317
   262/299     11.8G   0.01462   0.02397  0.005892   0.04449       269       640    0.5976    0.7942     0.656    0.5388   0.02786   0.03463   0.02309
   263/299     11.8G   0.01423   0.02312  0.006008   0.04335       266       640       0.6    0.8318     0.658    0.5315   0.02777   0.03456   0.02314
   264/299     11.8G   0.01429   0.02012  0.006001   0.04041       283       640    0.6151    0.8305    0.6618    0.5341   0.02787   0.03439   0.02315
   265/299     11.8G   0.01465    0.0217  0.006163   0.04251       297       640    0.6104    0.8115     0.652    0.5317   0.02736    0.0342   0.02303
   266/299     11.8G   0.01424   0.02185  0.006142   0.04223       280       640    0.6099    0.7814    0.6552    0.5308   0.02694   0.03385   0.02297
   267/299     11.8G   0.01473   0.02181  0.006055    0.0426       210       640     0.606     0.819    0.6598    0.5437   0.02683   0.03379   0.02301
   268/299     11.8G   0.01414   0.02146  0.005962   0.04157       310       640    0.5969     0.847    0.6659    0.5463   0.02684    0.0342   0.02315
   269/299     11.8G   0.01456   0.02207  0.006234   0.04286       291       640    0.6038    0.8274    0.6664    0.5472   0.02682   0.03423   0.02308
   270/299     11.8G   0.01503   0.02323  0.006116   0.04437       308       640    0.6037    0.8278    0.6712    0.5444   0.02694   0.03432   0.02294
   271/299     11.8G    0.0147   0.02194   0.00613   0.04278       282       640    0.6077    0.8281    0.6723    0.5421   0.02704   0.03442   0.02283
   272/299     11.8G   0.01457   0.02422  0.005798   0.04459       279       640    0.5949     0.835    0.6803    0.5524   0.02744   0.03446    0.0228
   273/299     11.8G   0.01473   0.02331  0.006174   0.04421       410       640    0.6035    0.8345    0.6888    0.5602   0.02785   0.03469   0.02312
   274/299     11.8G   0.01369   0.01903  0.005559   0.03827       258       640    0.5836    0.8636    0.6863    0.5602   0.02814   0.03494   0.02343
   275/299     11.8G   0.01397   0.02181   0.00607   0.04185       208       640    0.5973    0.8196    0.6855    0.5549   0.02802   0.03488   0.02343
   276/299     11.8G   0.01394   0.02317  0.005634   0.04274       330       640    0.5993     0.801    0.6872    0.5569   0.02769   0.03498   0.02337
   277/299     11.8G   0.01343   0.02076  0.005513   0.03971       265       640    0.6066    0.7915    0.6856    0.5532   0.02757   0.03502   0.02341
   278/299     11.8G   0.01406   0.02276  0.005656   0.04248       206       640    0.6059    0.8016    0.6836    0.5518    0.0275   0.03498   0.02351
   279/299     11.8G   0.01301   0.01994   0.00563   0.03859       225       640    0.5987    0.7968    0.6832    0.5525    0.0276   0.03509   0.02346
   280/299     11.8G   0.01356   0.02179  0.005553    0.0409       266       640    0.5935    0.7945     0.677     0.545   0.02777   0.03516   0.02344
   281/299     11.8G   0.01414   0.01831  0.005711   0.03816       196       640     0.594    0.7912    0.6716     0.546   0.02775   0.03516    0.0236
   282/299     11.8G   0.01343   0.02084  0.005429    0.0397       245       640    0.5967    0.7909    0.6667    0.5409   0.02773   0.03517    0.0236
   283/299     11.8G   0.01376   0.02018  0.005517   0.03946       277       640    0.6011    0.8007    0.6625    0.5417   0.02789   0.03522   0.02369
   284/299     11.8G   0.01422    0.0215  0.006078   0.04179       276       640    0.6014    0.8268     0.668    0.5415   0.02834   0.03541   0.02389
   285/299     11.8G   0.01443   0.02347  0.005919   0.04382       278       640    0.6065    0.8011    0.6678    0.5433   0.02852   0.03557   0.02415
   286/299     11.8G   0.01394   0.02033  0.005808   0.04008       316       640    0.6049    0.7874    0.6685     0.544   0.02831   0.03558   0.02402
   287/299     11.8G   0.01485   0.02102   0.00588   0.04175       237       640    0.6019    0.8112    0.6649    0.5448   0.02812   0.03544   0.02383
   288/299     11.8G   0.01453   0.02068  0.006195    0.0414       270       640    0.6038     0.821    0.6611    0.5445   0.02809   0.03565   0.02349
   289/299     11.8G   0.01491   0.02364  0.005599   0.04416       286       640     0.602    0.8252    0.6653    0.5449   0.02824    0.0359   0.02361
   290/299     11.8G   0.01383   0.02046  0.005734   0.04003       278       640    0.6006    0.8107    0.6635    0.5408   0.02824   0.03593   0.02358
   291/299     11.8G   0.01424   0.02008   0.00533   0.03964       132       640    0.5992    0.8145    0.6606    0.5381   0.02821   0.03591   0.02337
   292/299     11.8G   0.01334   0.02017  0.005562   0.03907       325       640     0.585    0.8322    0.6726    0.5507   0.02811   0.03571   0.02333
   293/299     11.8G   0.01369   0.02122  0.005846   0.04076       205       640    0.6092    0.7961    0.6695    0.5466   0.02789   0.03543    0.0235
   294/299     11.8G    0.0133   0.02075   0.00514   0.03918       358       640    0.6137    0.8049    0.6639    0.5372   0.02789    0.0354   0.02374
   295/299     11.8G   0.01401   0.02113  0.004991   0.04013       247       640    0.6117     0.793     0.664    0.5334   0.02774   0.03545   0.02412
   296/299     11.8G   0.01306   0.02091  0.005182   0.03915       270       640    0.5896     0.831    0.6656    0.5357   0.02739   0.03541   0.02439
   297/299     11.8G   0.01402    0.0213  0.005697   0.04101       312       640    0.6108    0.7778    0.6688    0.5386   0.02721   0.03547   0.02417
   298/299     11.8G   0.01352      0.02  0.005414   0.03893       272       640    0.6093    0.7823    0.6681    0.5374   0.02713   0.03557   0.02413
   299/299     11.8G   0.01499   0.02241  0.005684   0.04309       282       640    0.6064    0.7821    0.6623    0.5341   0.02708   0.03578   0.02409
