     0/599     12.9G   0.08085   0.03535   0.04511    0.1613       289       640  0.003481   0.06175  0.001128  0.000199     0.111   0.03842   0.04749
     1/599     13.5G   0.07974   0.03218   0.04492    0.1568       283       640  0.003286  0.005418 0.0004799 7.269e-05    0.1073   0.03802   0.04716
     2/599     11.7G   0.07667   0.03457   0.04466    0.1559       365       640  0.004567  0.005197 0.0007258 0.0001497    0.1039   0.03842   0.04676
     3/599     11.7G   0.07403   0.03666   0.04403    0.1547       201       640   0.01043  0.008748  0.002323   0.00033    0.1004   0.03937   0.04634
     4/599     11.7G   0.07143    0.0361   0.04368    0.1512       262       640   0.06474   0.01116   0.00313 0.0005284   0.09727   0.04022   0.04598
     5/599     11.7G   0.07079   0.03482   0.04283    0.1484       220       640  0.006197   0.07294  0.004413 0.0008189   0.09503    0.0405   0.04557
     6/599     11.7G   0.06916    0.0358   0.04233    0.1473       310       640    0.0696   0.03319  0.007426  0.001451   0.09347   0.04041     0.045
     7/599     11.7G   0.06556   0.03719   0.04137    0.1441       222       640   0.01888    0.0547   0.01239  0.003081   0.08997   0.04121   0.04463
     8/599     11.7G   0.06449   0.03811   0.04076    0.1434       234       640    0.2068   0.06373   0.02335  0.005664   0.08723    0.0414   0.04428
     9/599     11.7G   0.06234   0.04075   0.03955    0.1426       312       640    0.2554   0.06602   0.03214  0.008713   0.08592   0.04131   0.04391
    10/599     11.7G   0.06043   0.03747   0.03896    0.1369       242       640    0.5046    0.0647     0.042   0.01057   0.08377   0.04153   0.04346
    11/599     11.7G   0.05849   0.04238   0.03743    0.1383       324       640    0.5378   0.07648    0.0561   0.01652   0.08145   0.04203    0.0432
    12/599     11.7G   0.05639   0.04067   0.03653    0.1336       322       640    0.2404    0.1141    0.0658   0.02271   0.07947   0.04193   0.04256
    13/599     11.7G   0.05458   0.03947   0.03616    0.1302       263       640    0.4592   0.09584   0.06834    0.0286   0.07766   0.04195    0.0422
    14/599     11.7G   0.05347   0.03733   0.03603    0.1268       319       640    0.3397    0.1778   0.08495   0.03291   0.07518   0.04206   0.04192
    15/599     11.7G   0.05245   0.04176   0.03484    0.1291       387       640    0.3986    0.1297   0.07809   0.02488   0.07521    0.0419   0.04194
    16/599     11.7G   0.05077   0.04014   0.03416    0.1251       276       640     0.464    0.1401   0.08921   0.04382   0.07214   0.04216   0.04176
    17/599     11.7G   0.04903   0.04042   0.03372    0.1232       280       640    0.5763    0.1291   0.08795   0.03724   0.07153   0.04132   0.04145
    18/599     11.7G    0.0495   0.03808   0.03277    0.1204       278       640    0.6074    0.1243   0.08832   0.03141   0.07358   0.03915   0.04109
    19/599     11.7G   0.05362   0.03663   0.03346    0.1237       255       640    0.5556    0.1058   0.06643    0.0196   0.07875   0.03646   0.04079
    20/599     11.7G   0.05518   0.03487   0.03424    0.1243       237       640    0.1579    0.1689   0.05709   0.01461   0.07888   0.03669   0.04028
    21/599     11.7G    0.0529   0.03721   0.03228    0.1224       351       640    0.5343    0.1404    0.1097   0.04586   0.06884    0.0398   0.03997
    22/599     11.7G   0.04954   0.03651   0.03198     0.118       199       640    0.6071    0.1505    0.1325   0.06477   0.06596   0.03974   0.03977
    23/599     11.7G   0.04927   0.04204   0.03109    0.1224       330       640    0.6612    0.1011     0.111   0.03485   0.07196    0.0373   0.03971
    24/599     11.7G   0.04849   0.03716   0.03138     0.117       280       640    0.6919    0.1757    0.1784   0.06435   0.06483   0.03766   0.03932
    25/599     11.7G   0.04863   0.03793   0.03137    0.1179       291       640   0.09352    0.4737     0.175   0.06364   0.06799   0.03538   0.03904
    26/599     11.7G    0.0511   0.03564   0.03155    0.1183       232       640    0.4778    0.2506    0.1684   0.06385   0.06808   0.03604    0.0389
    27/599     11.7G   0.05073   0.03476   0.03136    0.1169       231       640    0.1834    0.3427    0.1559    0.0499   0.07037   0.03529   0.03851
    28/599     11.7G   0.05108   0.03115   0.03093    0.1132       197       640     0.332     0.291    0.2007   0.07545   0.07048   0.03515   0.03792
    29/599     11.7G   0.04902   0.03325   0.03043    0.1127       257       640    0.2177    0.3881     0.206   0.09031   0.07018   0.03473   0.03766
    30/599     11.7G   0.04759   0.03447   0.02988    0.1119       307       640    0.2369    0.4371    0.2316   0.09243   0.06907   0.03562   0.03733
    31/599     11.7G   0.04783   0.03456   0.03004    0.1124       247       640    0.2743    0.5167    0.2432   0.08396   0.06457   0.03548   0.03708
    32/599     11.7G   0.04514   0.03314   0.02935    0.1076       284       640    0.4467     0.347    0.2637    0.1329   0.05908   0.03466   0.03696
    33/599     11.7G   0.04323   0.03578   0.02928    0.1083       310       640    0.4213    0.3192    0.2652    0.1114   0.05803   0.03386   0.03674
    34/599     11.7G   0.04496   0.03591   0.02896    0.1098       300       640    0.5124    0.2977      0.27     0.138   0.05411   0.03403   0.03633
    35/599     11.7G   0.04364   0.03562   0.02818    0.1074       245       640    0.6311    0.3139    0.2962    0.1399   0.05589   0.03368   0.03596
    36/599     11.7G   0.04175   0.03493   0.02867    0.1053       334       640    0.4007    0.4253    0.3031    0.1421   0.06068   0.03191   0.03563
    37/599     11.7G   0.04472   0.03678   0.02767    0.1092       301       640    0.7182      0.25    0.2982    0.1422    0.0573   0.03148   0.03532
    38/599     11.7G   0.04483    0.0358    0.0276    0.1082       251       640    0.5432      0.36    0.3084    0.1475   0.05609   0.03163   0.03504
    39/599     11.7G   0.04443   0.03627   0.02702    0.1077       325       640    0.4918     0.447    0.3035    0.1508   0.05955   0.03225   0.03495
    40/599     11.7G   0.04394   0.03264   0.02843     0.105       294       640    0.5388    0.3448     0.321    0.1467   0.05658   0.03308   0.03469
    41/599     11.7G   0.04321   0.03393   0.02728    0.1044       201       640    0.5844    0.3788    0.3457    0.1831    0.0518   0.03337   0.03409
    42/599     11.7G   0.03891   0.03544   0.02671    0.1011       261       640    0.4105    0.4967    0.3429    0.1736   0.05112   0.03144   0.03385
    43/599     11.7G   0.04087   0.03479   0.02584    0.1015       296       640    0.5526    0.3928    0.3409    0.1569    0.0514   0.03162   0.03357
    44/599     11.7G   0.04101   0.03658   0.02578    0.1034       281       640    0.5548    0.3776    0.3373    0.1875   0.04957   0.03095   0.03312
    45/599     11.7G    0.0408   0.03328   0.02443    0.0985       235       640    0.5673    0.3696    0.3396    0.1727   0.05163   0.03079   0.03291
    46/599     11.7G      0.04   0.03561   0.02411   0.09972       232       640    0.5528     0.442    0.3675    0.1951   0.04813   0.03149   0.03285
    47/599     11.7G   0.03979   0.03637   0.02455    0.1007       290       640    0.4818    0.5311     0.358    0.1974   0.04979   0.03014   0.03265
    48/599     11.7G   0.03664   0.03551   0.02433   0.09648       285       640     0.592    0.3956      0.38    0.2118   0.04695   0.03062    0.0323
    49/599     11.7G   0.03975   0.03308   0.02453   0.09736       219       640     0.466    0.5312    0.3825    0.1951    0.0501   0.03031   0.03193
    50/599     11.7G   0.03739   0.03257   0.02452   0.09448       191       640    0.4739    0.5534     0.362    0.2026   0.04848   0.02971    0.0315
    51/599     11.7G   0.03659    0.0328   0.02358   0.09296       317       640    0.5585    0.5061    0.3833    0.1742   0.04727   0.03057   0.03136
    52/599     11.7G   0.03545    0.0321   0.02362   0.09117       226       640    0.4823    0.5272    0.3753    0.2001   0.04702   0.02981   0.03113
    53/599     11.7G    0.0359   0.03308   0.02304   0.09202       288       640    0.4717    0.5578    0.3825    0.2171    0.0448   0.03038   0.03103
    54/599     11.7G   0.03448   0.03286   0.02212   0.08945       221       640    0.5287    0.5241    0.3685    0.1907   0.04982   0.03054   0.03072
    55/599     11.7G   0.03564   0.03178   0.02296   0.09038       226       640    0.5927    0.4897    0.3849    0.2159   0.04512   0.02994   0.03056
    56/599     11.7G   0.03705   0.03318   0.02324   0.09346       193       640    0.4335    0.5305    0.3524    0.1569   0.05433   0.02897   0.03037
    57/599     11.7G   0.04477   0.03013   0.02379   0.09869       236       640    0.5028    0.4426    0.3222    0.1565   0.06438   0.02843   0.03031
    58/599     11.7G   0.04524   0.02619   0.02372   0.09514       190       640    0.5292    0.4944    0.3387    0.1938   0.07044    0.0277   0.03045
    59/599     11.7G   0.04639   0.02866    0.0243   0.09935       281       640     0.518    0.4746    0.3314    0.1892   0.07093   0.02814   0.03066
    60/599     11.7G   0.04484   0.02933   0.02463   0.09881       231       640    0.4084    0.4775     0.358    0.1501   0.06962   0.02759   0.03055
    61/599     11.7G   0.04194   0.03077   0.02516   0.09787       211       640    0.4823    0.4669    0.3712    0.1914   0.06228   0.02801   0.03024
    62/599     11.7G   0.03716   0.03211   0.02391   0.09318       290       640    0.4465    0.5924    0.4148    0.2314   0.06126   0.02715   0.02995
    63/599     11.7G   0.03824   0.02799    0.0232   0.08944       287       640    0.5821     0.413    0.3962    0.1953   0.06389   0.02681    0.0297
    64/599     11.7G   0.03974    0.0306   0.02353   0.09387       317       640    0.5447    0.5069    0.3732    0.2148   0.05896   0.02841   0.02973
    65/599     11.7G    0.0404   0.03011   0.02407   0.09458       248       640    0.5436    0.5267    0.3765    0.1972   0.06058   0.02639   0.02972
    66/599     11.7G   0.04332   0.03126   0.02379   0.09838       270       640    0.4496    0.5203    0.3608    0.1691   0.06369   0.02666   0.02965
    67/599     11.7G   0.04346   0.03166   0.02395   0.09908       388       640    0.4686    0.4672    0.3789    0.2172   0.05652    0.0284   0.02951
    68/599     11.7G   0.03802    0.0313   0.02349   0.09281       277       640    0.3716    0.5933    0.3944    0.2292   0.05393   0.02815   0.02972
    69/599     11.7G    0.0345   0.03333   0.02224   0.09007       239       640    0.4274    0.5898    0.4376    0.2871   0.04754   0.02869   0.02932
    70/599     11.7G   0.03567   0.03342    0.0224   0.09149       285       640    0.4524    0.6183    0.4664    0.2662   0.04645   0.02917   0.02879
    71/599     11.7G   0.03305   0.03434    0.0217   0.08909       274       640    0.6002    0.5889    0.4705    0.2927   0.04411   0.02974   0.02862
    72/599     11.7G    0.0341   0.03705    0.0204   0.09155       206       640     0.476    0.6653    0.4875    0.3134   0.04324   0.03044   0.02852
    73/599     11.7G   0.03276   0.03304   0.02016   0.08596       334       640    0.6094    0.5438    0.4823    0.3108   0.04185    0.0313   0.02838
    74/599     11.7G    0.0303   0.03297   0.02009   0.08335       270       640    0.6302    0.5325    0.4702    0.3033   0.04003   0.03144   0.02833
    75/599     11.7G   0.03223   0.03478   0.01925   0.08626       279       640    0.4186    0.6938    0.4666     0.301   0.03937   0.03091   0.02803
    76/599     11.7G   0.03143   0.03269   0.01975   0.08387       202       640    0.6121    0.5481    0.4683    0.3081   0.03788   0.03021   0.02792
    77/599     11.7G   0.03154   0.03365   0.01949   0.08469       274       640    0.5395    0.6297    0.4808    0.3101   0.03933   0.02984   0.02773
    78/599     11.7G   0.03126   0.03266   0.01907     0.083       247       640    0.4599    0.6882    0.4971    0.3271   0.03976    0.0304   0.02767
    79/599     11.7G   0.03207    0.0334   0.01891   0.08438       273       640    0.4902    0.6672    0.5037    0.3288   0.04163    0.0297   0.02744
    80/599     11.7G   0.03287    0.0347   0.01885   0.08642       301       640    0.5974    0.5021    0.4604    0.3089   0.04161   0.02987   0.02709
    81/599     11.7G   0.03156   0.02828   0.01882   0.07865       337       640    0.3359    0.7021    0.4712    0.3152   0.04253   0.03138   0.02705
    82/599     11.7G   0.03222   0.03389   0.01852   0.08463       304       640    0.4821    0.6822    0.4664    0.3219   0.03858   0.03013   0.02691
    83/599     11.7G   0.02922   0.03149   0.01802   0.07873       284       640    0.3434    0.7448    0.4967    0.3304   0.04047   0.02991   0.02683
    84/599     11.7G   0.03138   0.03202   0.01739   0.08078       217       640    0.4092    0.7362     0.503    0.3373   0.04087   0.02916   0.02682
    85/599     11.7G   0.03089   0.03072   0.01787   0.07948       328       640    0.3476    0.7401    0.5029    0.3358   0.03894   0.03052   0.02672
    86/599     11.7G   0.03208   0.03285   0.01809   0.08302       316       640    0.3895    0.7307    0.5069    0.3443   0.04062   0.02945   0.02661
    87/599     11.7G   0.03048   0.03417   0.01689   0.08154       296       640    0.4061    0.7102    0.5078    0.3559   0.03716   0.02943   0.02653
    88/599     11.7G   0.02842   0.03036   0.01676   0.07555       339       640    0.3755    0.7507    0.5212    0.3608    0.0379   0.02998    0.0266
    89/599     11.7G   0.02817   0.03441   0.01705   0.07963       302       640    0.4091    0.7522    0.5091    0.3639   0.03651   0.03029   0.02646
    90/599     11.7G   0.02723   0.03386   0.01603   0.07712       282       640    0.3764    0.7747    0.5415     0.383   0.03499   0.03057   0.02656
    91/599     11.7G   0.02852   0.03087   0.01618   0.07556       275       640    0.3553    0.8391    0.5244    0.3684   0.03816   0.02999   0.02659
    92/599     11.7G   0.02941   0.03199   0.01579    0.0772       314       640    0.3558     0.802     0.511    0.2525   0.04946    0.0294   0.02655
    93/599     11.7G   0.04064   0.03169   0.01656   0.08889       317       640    0.3198    0.7549     0.527    0.3469   0.04172   0.03146   0.02637
    94/599     11.7G   0.03278    0.0316   0.01634   0.08071       193       640    0.3482    0.8304    0.5426    0.3593     0.043   0.03072    0.0264
    95/599     11.7G   0.02915   0.03068   0.01633   0.07616       363       640    0.3754    0.7743    0.5592    0.3862   0.03707   0.03109   0.02641
    96/599     11.7G   0.02706   0.03084   0.01563   0.07353       204       640    0.4481     0.764    0.5742    0.4042   0.03856   0.03213   0.02681
    97/599     11.7G    0.0306   0.03133    0.0148   0.07674       344       640    0.4606    0.7982    0.5801    0.4074   0.03782   0.03163   0.02648
    98/599     11.7G   0.02835   0.03109   0.01548   0.07492       269       640    0.4482    0.8404    0.5767    0.4054   0.03662   0.02937    0.0263
    99/599     11.7G   0.02723   0.03209   0.01529   0.07461       207       640    0.4476    0.7842     0.574    0.4141   0.03667   0.03079   0.02629
   100/599     11.7G   0.02975   0.03637   0.01502   0.08114       242       640    0.4388    0.8221    0.5594    0.4032   0.03737   0.03044   0.02619
   101/599     11.7G   0.02864    0.0297   0.01516    0.0735       225       640    0.4427    0.8047    0.5628    0.3835   0.03782   0.02991   0.02613
   102/599     11.7G   0.02995   0.03206   0.01431   0.07631       212       640    0.4757    0.7786    0.5575    0.3768    0.0401   0.02905    0.0261
   103/599     11.7G    0.0276   0.03374   0.01429   0.07563       290       640    0.4721    0.7964    0.5619    0.4089   0.03472   0.03075   0.02606
   104/599     11.7G   0.02741   0.02815   0.01478   0.07035       232       640    0.4898    0.7436    0.5885    0.4327   0.03383   0.03105   0.02575
   105/599     11.7G   0.02983   0.02999   0.01335   0.07317       262       640    0.4556    0.7976     0.585    0.3981   0.03891   0.03057   0.02587
   106/599     11.7G   0.02741   0.03259    0.0133    0.0733       351       640    0.4585    0.8045    0.5967    0.4376   0.03514   0.02992   0.02592
   107/599     11.7G   0.02537   0.03301   0.01354   0.07193       321       640    0.4742    0.8247    0.5932    0.4361   0.03493   0.03088   0.02612
   108/599     11.7G    0.0254   0.02748   0.01353   0.06641       221       640    0.4797    0.7922    0.5946    0.4239   0.03712   0.03162    0.0261
   109/599     11.7G   0.02863    0.0293   0.01345   0.07138       210       640    0.4727    0.8107    0.6022    0.4161   0.03793   0.03073   0.02581
   110/599     11.7G   0.02772   0.03081   0.01265   0.07118       224       640    0.4739    0.7897    0.5982    0.4214   0.03695   0.03022   0.02561
   111/599     11.7G   0.02489   0.02825   0.01259   0.06574       282       640    0.4783    0.8272    0.6227     0.452   0.03454   0.03062   0.02544
   112/599     11.7G   0.02545   0.02879   0.01189   0.06614       258       640    0.5426    0.7659     0.611    0.4389   0.03653   0.02976   0.02545
   113/599     11.7G   0.02808   0.03058   0.01189   0.07054       259       640    0.5473    0.7455    0.6158    0.4502   0.03775   0.02941   0.02561
   114/599     11.7G   0.02584   0.02992   0.01156   0.06732       260       640    0.5299    0.7823    0.6182    0.4597     0.035   0.02947   0.02548
   115/599     11.7G   0.02379   0.02921   0.01252   0.06553       290       640    0.5208    0.8398    0.6269    0.4612   0.03515   0.02977   0.02551
   116/599     11.7G   0.02433    0.0304   0.01136   0.06608       272       640    0.5391    0.8083    0.6382    0.4607   0.03608   0.03067   0.02565
   117/599     11.7G   0.02608   0.03064   0.01179   0.06851       352       640    0.5768    0.7799    0.6504    0.4508   0.03668    0.0317   0.02572
   118/599     11.7G   0.02403   0.02896   0.01186   0.06485       263       640    0.5471    0.8208    0.6268    0.4708   0.03502   0.03108   0.02548
   119/599     11.7G   0.02206   0.02848   0.01146   0.06199       251       640    0.5569    0.8085    0.6399    0.4783   0.03416   0.03088   0.02575
   120/599     11.7G   0.02392   0.03195   0.01134   0.06721       337       640    0.5521    0.8231    0.6313    0.4718   0.03386   0.03128   0.02542
   121/599     11.7G   0.02567   0.02948   0.01158   0.06674       322       640    0.5614    0.8099    0.6308    0.4806   0.03338   0.03126   0.02536
   122/599     11.7G   0.02351   0.02924   0.01091   0.06365       270       640    0.5519     0.803    0.6483    0.4924   0.03212   0.03075    0.0253
   123/599     11.7G   0.02312   0.02859   0.01119    0.0629       242       640    0.5424    0.8628    0.6542     0.497   0.03257   0.03107   0.02528
   124/599     11.7G   0.02407   0.02985   0.01047   0.06438       226       640    0.5614    0.8227    0.6385    0.4815   0.03334   0.03209   0.02505
   125/599     11.7G   0.02405    0.0274   0.01035    0.0618       278       640    0.5602    0.8126    0.6323    0.4713   0.03221   0.03255   0.02487
   126/599     11.7G   0.02301   0.02987   0.01068   0.06355       342       640    0.5718    0.8374     0.635    0.4757    0.0325   0.03233   0.02499
   127/599     11.7G   0.02177   0.02847   0.01032   0.06056       277       640    0.6008    0.8155    0.6567     0.496   0.03182   0.03213   0.02518
   128/599     11.7G   0.02378   0.03086   0.01059   0.06524       236       640    0.6036    0.8235    0.6568    0.4877   0.03289   0.03343   0.02516
   129/599     11.7G   0.02349   0.02811  0.009452   0.06105       218       640    0.6059    0.8215    0.6662     0.489   0.03313   0.03179   0.02506
   130/599     11.7G   0.02217   0.02799   0.01024    0.0604       259       640    0.6057    0.8084    0.6651    0.5003   0.03153   0.03088   0.02499
   131/599     11.7G   0.02214   0.02813   0.01048   0.06075       210       640    0.6205    0.7653    0.6752     0.511   0.03195   0.03163   0.02485
   132/599     11.7G   0.02337   0.02766   0.01025   0.06127       189       640    0.5888    0.8191    0.6764    0.5023   0.03416   0.03061   0.02449
   133/599     11.7G   0.02453   0.03027  0.009767   0.06457       390       640    0.5969    0.8132    0.6712    0.4861   0.03477   0.03109   0.02446
   134/599     11.7G   0.02336   0.02939  0.009928   0.06267       197       640    0.5991    0.8357    0.6726    0.4941     0.033   0.03236   0.02457
   135/599     11.7G   0.02229   0.03297   0.01011   0.06536       320       640    0.5592    0.8805    0.6604    0.4951   0.03291    0.0326   0.02461
   136/599     11.7G   0.02318   0.02713  0.009459   0.05977       205       640    0.5783     0.852    0.6485    0.4762   0.03363   0.03321   0.02482
   137/599     11.7G   0.02511   0.02671  0.008829   0.06065       335       640    0.5993    0.8502    0.6399    0.4733   0.03327    0.0313   0.02477
   138/599     11.7G   0.02301   0.02776  0.009109   0.05988       267       640    0.5769    0.8246    0.6406    0.4909   0.03144   0.03089   0.02466
   139/599     11.7G   0.02221   0.02535  0.009561   0.05712       272       640    0.5581    0.8695      0.63    0.4824   0.03181   0.03229   0.02462
   140/599     11.7G   0.02303   0.02764  0.008745   0.05941       309       640    0.5811    0.8316    0.6326    0.4806   0.03472   0.03394   0.02446
   141/599     11.7G   0.02353   0.02828  0.008527   0.06034       258       640    0.5741    0.8818    0.6636     0.489   0.03353   0.03294   0.02451
   142/599     11.7G   0.02104   0.02747  0.008866   0.05737       282       640    0.6145    0.8039    0.6601    0.4942   0.03192   0.03277   0.02433
   143/599     11.7G   0.02057   0.02863  0.009084   0.05829       252       640    0.5827    0.8216    0.6508    0.4851   0.03153   0.03241   0.02431
   144/599     11.7G   0.02221   0.02807   0.00883   0.05911       285       640    0.5864    0.8304    0.6362    0.4785   0.03284   0.03373   0.02434
   145/599     11.7G   0.02369   0.02689  0.009425   0.06001       238       640    0.5547    0.8269    0.6307    0.4824   0.03288   0.03266   0.02436
   146/599     11.7G   0.02169   0.02877  0.008887   0.05935       190       640    0.5717    0.8318    0.6393    0.4806   0.03272   0.03143   0.02413
   147/599     11.7G   0.02084   0.02699  0.008494   0.05632       254       640    0.5794    0.8378    0.6535     0.498   0.03276   0.03143   0.02411
   148/599     11.7G   0.02256   0.02729  0.008934   0.05879       350       640    0.5893    0.8557    0.6561    0.4888   0.03271   0.03205    0.0238
   149/599     11.7G    0.0238   0.02856  0.008501   0.06086       280       640    0.5894    0.8577    0.6463    0.4935    0.0332   0.03349   0.02366
   150/599     11.7G   0.02079   0.02809  0.008767   0.05765       237       640    0.6041    0.8393    0.6578    0.5161    0.0317   0.03375   0.02371
   151/599     11.7G   0.01955    0.0281  0.008767   0.05642       234       640    0.5906    0.8526    0.6619    0.5171   0.03241   0.03415   0.02351
   152/599     11.7G   0.02085   0.02926  0.008836   0.05895       261       640    0.6031    0.8062    0.6484    0.4814   0.03175   0.03521   0.02343
   153/599     11.7G   0.02249   0.02839  0.008374   0.05925       298       640     0.558    0.8932    0.6467    0.4745    0.0318   0.03513   0.02329
   154/599     11.7G   0.02088   0.02577  0.008719   0.05537       232       640    0.5714    0.8266    0.6613    0.4947   0.02988   0.03435   0.02342
   155/599     11.7G   0.01967   0.02927  0.008115   0.05705       202       640     0.579    0.8796    0.6593    0.5023   0.03039   0.03376   0.02364
   156/599     11.7G    0.0203   0.02632   0.00852   0.05513       222       640    0.5799    0.8383    0.6565    0.4935   0.02941   0.03295   0.02365
   157/599     11.7G     0.022   0.02823  0.008606   0.05883       357       640    0.5831    0.8572    0.6513    0.4883   0.03042   0.03215   0.02359
   158/599     11.7G   0.02043   0.02555  0.007741   0.05372       261       640    0.5782    0.8494     0.653    0.4873   0.03055   0.03261   0.02372
   159/599     11.7G   0.01955   0.02519  0.007756    0.0525       241       640     0.574    0.8218    0.6336    0.4943    0.0311   0.03247    0.0236
   160/599     11.7G   0.02033    0.0279   0.00832   0.05656       190       640     0.547     0.865    0.6506    0.4997   0.03045   0.03181   0.02357
   161/599     11.7G   0.02145   0.02924   0.00794   0.05863       313       640    0.5716    0.8194    0.6437     0.479   0.03134   0.03179   0.02358
   162/599     11.7G   0.02157    0.0287  0.008333    0.0586       267       640    0.5868    0.7988    0.6604    0.5027   0.03017   0.03209   0.02346
   163/599     11.7G   0.02014   0.02992  0.008409   0.05847       333       640    0.5847    0.8421    0.6493    0.4842   0.03034   0.03239   0.02355
   164/599     11.7G   0.02084   0.02721   0.00826   0.05631       356       640    0.5596    0.9009    0.6586    0.4806   0.02944   0.03201   0.02352
   165/599     11.7G   0.02068   0.02719  0.008124   0.05599       297       640    0.5635    0.8952    0.6712    0.4806   0.02997    0.0328   0.02336
   166/599     11.7G   0.02039   0.02831  0.007857   0.05655       283       640    0.5997    0.8337    0.6709    0.4912   0.02964    0.0327   0.02327
   167/599     11.7G   0.01897   0.02555  0.007783    0.0523       281       640    0.5855    0.8496    0.6614    0.4967    0.0283   0.03233   0.02322
   168/599     11.7G   0.02141   0.02525  0.007544    0.0542       285       640    0.5705     0.873     0.638    0.4839   0.02931   0.03394   0.02311
   169/599     11.7G     0.022   0.02698  0.008105   0.05708       297       640    0.5883    0.8708    0.6208    0.4671   0.02918   0.03309   0.02349
   170/599     11.7G   0.01966   0.02837  0.008314   0.05634       345       640     0.591    0.8903    0.6284    0.4907   0.02915   0.03098   0.02328
   171/599     11.7G    0.0187   0.02782  0.008102   0.05463       210       640    0.6066    0.9033    0.6434    0.4891   0.02874    0.0311   0.02311
   172/599     11.7G   0.01981   0.02935  0.007505   0.05667       278       640    0.6012    0.8616    0.6546    0.4862   0.03016   0.03085   0.02321
   173/599     11.7G   0.02235   0.02886   0.00766   0.05887       334       640    0.5918    0.8809    0.6457    0.4796   0.02971   0.03252   0.02322
   174/599     11.7G    0.0198    0.0278  0.007571   0.05517       261       640    0.6035    0.8487    0.6575     0.492   0.02933   0.03345   0.02332
   175/599     11.7G    0.0182   0.02531   0.00782   0.05133       199       640    0.5894    0.8604    0.6565     0.495   0.02971   0.03357   0.02336
   176/599     11.7G   0.01967    0.0267  0.007813   0.05418       277       640    0.6107    0.8391    0.6648    0.4995   0.03098   0.03338    0.0233
   177/599     11.7G    0.0213   0.02716  0.007489   0.05595       320       640    0.5837    0.8654     0.663    0.4912   0.03016   0.03433   0.02312
   178/599     11.7G   0.01976   0.02722  0.007367   0.05434       376       640    0.5709    0.8969    0.6714    0.5088   0.02955   0.03432   0.02316
   179/599     11.7G   0.01833   0.02468  0.007582   0.05059       284       640    0.5755    0.8984    0.6713    0.5161   0.02959   0.03481   0.02319
   180/599     11.7G   0.01872   0.02787  0.007078   0.05366       299       640    0.5698    0.8826    0.6497    0.4999   0.03036   0.03448   0.02312
   181/599     11.7G   0.02095   0.02762  0.007564   0.05613       345       640     0.576    0.8886    0.6709     0.517   0.03092   0.03456     0.023
   182/599     11.7G   0.01985   0.02786  0.007355   0.05507       320       640    0.5901    0.8693    0.6569    0.5092   0.03088   0.03406   0.02294
   183/599     11.7G   0.01909   0.02615  0.007384   0.05262       307       640    0.6091    0.8475    0.6556    0.5077   0.03032   0.03448    0.0232
   184/599     11.7G   0.01927    0.0255  0.007047   0.05182       254       640    0.5793    0.9045    0.6452      0.49   0.02999   0.03494   0.02372
   185/599     11.7G   0.02083    0.0266  0.007232   0.05466       303       640    0.5993    0.8478    0.6513     0.502   0.03015   0.03458   0.02384
   186/599     11.7G   0.01958   0.02494  0.007121   0.05164       288       640    0.6155    0.8472      0.66    0.5032   0.03021   0.03476   0.02355
   187/599     11.7G   0.01806   0.02682  0.007523    0.0524       314       640    0.6039    0.8585    0.6658    0.5129   0.02943   0.03466   0.02314
   188/599     11.7G   0.01798   0.02669  0.007104   0.05178       287       640    0.5761    0.8704    0.6673    0.5045   0.02973   0.03494   0.02307
   189/599     11.7G   0.02067   0.02684  0.007176   0.05469       287       640    0.5869    0.8338    0.6679    0.5116    0.0298   0.03404   0.02337
   190/599     11.7G   0.01942   0.02551  0.007307   0.05224       208       640    0.6069    0.7789    0.6612    0.4917   0.03065    0.0339   0.02379
   191/599     11.7G   0.01876   0.02649  0.007352   0.05261       282       640    0.6254    0.7336    0.6562    0.5016   0.03037   0.03428   0.02386
   192/599     11.7G   0.01904   0.02656  0.006813   0.05241       263       640    0.6126    0.8151    0.6619    0.5073   0.03083   0.03546   0.02361
   193/599     11.7G   0.02066   0.02578   0.00715   0.05359       258       640    0.6224    0.8245    0.6552    0.5026   0.03037   0.03575   0.02318
   194/599     11.7G   0.01888   0.02738  0.007191   0.05346       299       640    0.6289    0.8106    0.6591    0.5136   0.02996   0.03457   0.02334
   195/599     11.7G   0.01821   0.02604  0.006763   0.05101       272       640    0.6033    0.8511    0.6732    0.5246   0.02914    0.0345   0.02347
   196/599     11.7G   0.01879   0.02387  0.006929   0.04959       220       640     0.594    0.8727    0.6536    0.5061    0.0293   0.03522   0.02324
   197/599     11.7G   0.01969   0.02634  0.006433   0.05246       373       640    0.5954    0.8741    0.6585    0.5086   0.02913   0.03535   0.02362
   198/599     11.7G   0.01855   0.02253  0.007172   0.04825       250       640    0.5965    0.8927     0.662    0.5143   0.02875   0.03467   0.02343
   199/599     11.7G   0.01805   0.02529  0.006725   0.05006       327       640    0.6116    0.8486    0.6647    0.5114     0.028   0.03394   0.02408
   200/599     11.7G   0.01848    0.0258  0.006637   0.05092       269       640      0.59    0.8895    0.6491    0.4984    0.0293   0.03438   0.02412
   201/599     11.7G   0.02074    0.0249  0.006984   0.05263       240       640    0.5681     0.913    0.6518    0.5078    0.0296   0.03522   0.02516
   202/599     11.7G   0.01925   0.02426  0.006902   0.05042       243       640    0.5991    0.8977    0.6511    0.5139   0.02942   0.03687   0.02443
   203/599     11.7G   0.01801   0.02309  0.006475   0.04758       258       640    0.5889    0.8878    0.6501    0.5085   0.03112   0.03653   0.02477
   204/599     11.7G   0.01867   0.02346  0.006489   0.04862       160       640    0.5665    0.8778    0.6551    0.5095   0.03095   0.03729    0.0249
   205/599     11.7G   0.02044   0.02416  0.006488   0.05109       238       640    0.6122    0.7664    0.6672    0.5267   0.03125   0.03699   0.02428
   206/599     11.7G   0.01794   0.02473  0.005939   0.04861       340       640    0.5842    0.8389    0.6717    0.5251    0.0315    0.0367   0.02443
   207/599     11.7G   0.01853   0.02265  0.006337   0.04752       264       640    0.6079    0.8146    0.6845    0.5365   0.03015   0.03657   0.02466
   208/599     11.7G   0.01913   0.02512  0.006309   0.05056       290       640    0.5887    0.8036    0.6715    0.5145   0.02948   0.03607   0.02612
   209/599     11.7G   0.01882   0.02303  0.005382   0.04723       257       640    0.5677     0.831    0.6558    0.5022   0.02942   0.03556   0.02633
   210/599     11.7G   0.01866   0.02236  0.005952   0.04696       192       640    0.6072    0.7499    0.6735    0.5274   0.02924   0.03478   0.02588
   211/599     11.7G   0.01779   0.02344  0.005967    0.0472       240       640    0.5744    0.8287    0.6611     0.523   0.02985   0.03427   0.02612
   212/599     11.7G   0.01892   0.02619   0.00581   0.05092       256       640    0.5634    0.7566     0.634    0.4877   0.03052   0.03537   0.02732
   213/599     11.7G   0.01962   0.02334  0.005299   0.04825       324       640    0.5855    0.7464    0.6293    0.4866   0.03077   0.03549   0.02741
   214/599     11.7G   0.01831   0.02349   0.00571   0.04751       292       640    0.5412    0.7729    0.6284    0.4862   0.03034   0.03557   0.02782
   215/599     11.7G   0.01812   0.02406  0.006026    0.0482       261       640    0.5708    0.7434    0.6468    0.4964   0.02972   0.03487   0.02737
   216/599     11.7G   0.01749   0.02399   0.00596   0.04743       228       640    0.6188    0.6806    0.6677     0.507   0.02987   0.03534   0.02615
   217/599     11.7G   0.01953   0.02234  0.005402   0.04727       216       640    0.6269    0.7075    0.6814    0.5148   0.02956     0.036   0.02579
   218/599     11.7G   0.01852   0.02315  0.005645   0.04732       257       640    0.5906    0.7529    0.6816    0.5236   0.02897   0.03372   0.02622
   219/599     11.7G   0.01762   0.02299  0.005481   0.04609       296       640    0.5549    0.7667    0.6513    0.4969   0.02829   0.03382   0.02811
   220/599     11.7G   0.01982   0.02386  0.005082   0.04876       301       640    0.6365    0.6651    0.6509    0.4888   0.02893   0.03516   0.02746
   221/599     11.7G   0.01894   0.02408  0.005546   0.04856       278       640    0.5709    0.7199    0.6373    0.4757   0.02918   0.03529   0.02818
   222/599     11.7G    0.0186   0.02384  0.005758   0.04819       294       640    0.5419    0.7714    0.6362    0.4834   0.02891    0.0354   0.02776
   223/599     11.7G    0.0177   0.02333  0.005602   0.04663       321       640     0.557    0.7623    0.6431      0.51   0.02795   0.03547   0.02733
   224/599     11.7G   0.01772   0.02423  0.005337   0.04729       301       640    0.5122    0.8277    0.6291     0.503   0.02783   0.03631   0.02414
   225/599     11.7G    0.0183   0.02288  0.005337   0.04652       250       640    0.5451    0.8225    0.6425    0.5036   0.02779   0.03662    0.0245
   226/599     11.7G   0.01738   0.02147  0.005471   0.04431       185       640    0.5645    0.7597     0.632    0.4884   0.02804   0.03582   0.02412
   227/599     11.7G   0.01823   0.02236  0.005384   0.04598       190       640    0.5064    0.8096    0.6206    0.4821   0.02739    0.0357   0.02506
   228/599     11.7G   0.01781    0.0231  0.005031   0.04593       325       640    0.5156    0.8183    0.6201     0.476   0.02715   0.03585   0.02648
   229/599     11.7G     0.019   0.02325  0.005749     0.048       260       640    0.5344    0.7955     0.623    0.4819    0.0274   0.03719   0.02792
   230/599     11.7G   0.01872   0.02411  0.005341   0.04817       279       640    0.5257    0.7933    0.6243    0.4846   0.02757   0.03696    0.0284
   231/599     11.7G   0.01738   0.02298  0.005334    0.0457       162       640    0.5598    0.7335    0.6361    0.4969   0.02778   0.03703   0.02884
   232/599     11.7G   0.01768   0.02213  0.004937   0.04475       223       640    0.6214    0.6741    0.6593    0.5084   0.02771   0.03756   0.02854
   233/599     11.7G   0.02077    0.0237   0.00501   0.04947       303       640    0.5917    0.7063    0.6603    0.5174   0.02703   0.03783   0.02698
   234/599     11.7G   0.01821   0.02245  0.005108   0.04577       296       640    0.5615    0.7485    0.6623    0.5239   0.02782   0.03789   0.02706
   235/599     11.7G   0.01644   0.02329  0.004935   0.04466       313       640    0.5919    0.7348    0.6568    0.5243    0.0281    0.0378   0.02795
   236/599     11.7G    0.0171   0.02187  0.004533   0.04351       170       640     0.627    0.6698    0.6575    0.5232   0.02927    0.0386   0.02849
   237/599     11.7G   0.01719   0.01985   0.00462   0.04166       170       640    0.5791    0.7198    0.6524    0.5123    0.0291   0.03807   0.02786
   238/599     11.7G   0.01807   0.02216  0.005021   0.04525       237       640     0.576    0.6805    0.6439    0.5019   0.02972   0.03786   0.02851
   239/599     11.7G   0.01694   0.02199  0.005215   0.04414       303       640    0.5893    0.6838    0.6364    0.4935    0.0295   0.03661   0.02899
   240/599     11.7G   0.01721   0.02132  0.004559   0.04309       288       640    0.5681    0.6741    0.6331    0.4928   0.02924   0.03687   0.02937
   241/599     11.7G   0.01954   0.02149  0.004745   0.04577       297       640    0.5724     0.675    0.6336     0.499    0.0285   0.03731   0.02918
   242/599     11.7G   0.01886   0.02198  0.005304   0.04614       302       640    0.5512    0.6913    0.6404     0.507   0.02778   0.03698   0.02979
   243/599     11.7G   0.01611   0.02103  0.004629   0.04176       284       640    0.5412    0.6803     0.625    0.4893   0.02814   0.03713   0.03112
   244/599     11.7G   0.01831   0.02177  0.004415   0.04449       322       640    0.5738     0.616    0.6134    0.4871   0.02743   0.03655   0.03091
   245/599     11.7G   0.01713   0.02072  0.004376   0.04223       252       640    0.5581    0.6771    0.6191    0.4872   0.02739    0.0372   0.03044
   246/599     11.7G   0.01804   0.02381  0.005032   0.04689       351       640    0.6101    0.6712    0.6394      0.49   0.02721   0.03749   0.03059
   247/599     11.7G   0.01689   0.02179  0.004827   0.04351       303       640    0.5211    0.7796    0.6459    0.5018   0.02703     0.037   0.03054
   248/599     11.7G   0.01781   0.02341  0.005011   0.04623       356       640    0.5138    0.8272    0.6404    0.4946   0.02715   0.03639   0.03039
   249/599     11.7G   0.01892   0.02397  0.004336   0.04723       301       640      0.54    0.7646    0.6302    0.4866   0.02749   0.03697   0.03097
   250/599     11.7G   0.01704   0.02036    0.0046     0.042       263       640    0.5276    0.7902    0.6334     0.494   0.02875   0.03799   0.03211
   251/599     11.7G   0.01604   0.02024  0.004014    0.0403       329       640    0.5239    0.8081    0.6215    0.4895   0.02869   0.03754   0.03257
   252/599     11.7G   0.01596   0.01946  0.004173   0.03959       253       640    0.5001    0.8193    0.6191    0.4888   0.02925   0.03722   0.03287
   253/599     11.7G   0.01818   0.02354  0.004583    0.0463       289       640    0.4863    0.8587    0.6311    0.5012   0.02924   0.03705   0.03242
   254/599     11.7G   0.01703   0.02082  0.004529   0.04237       340       640    0.4914    0.8466    0.6156    0.4862   0.02868    0.0365   0.03266
   255/599     11.7G    0.0159   0.02178    0.0041   0.04178       327       640     0.595    0.6415    0.6248    0.4912   0.02894   0.03709   0.03253
   256/599     11.7G   0.01695   0.02295  0.004288   0.04419       274       640    0.5377    0.7269    0.6292     0.493   0.02932   0.03844     0.032
   257/599     11.7G   0.01828   0.02219  0.004127   0.04459       286       640    0.5363    0.7883    0.6464      0.51   0.02884   0.03863   0.03133
   258/599     11.7G   0.01738   0.02268  0.004099   0.04416       282       640    0.5713    0.7345    0.6411     0.504   0.02883   0.03902   0.03085
   259/599     11.7G   0.01672   0.02099  0.004208   0.04192       326       640    0.5652    0.7729    0.6486    0.5113   0.02977   0.03875   0.03097
   260/599     11.7G   0.01644   0.02045  0.004355   0.04124       285       640    0.5964    0.7586    0.6626    0.5268   0.02947   0.03835   0.03118
   261/599     11.7G   0.01765   0.02315  0.005066   0.04587       225       640     0.583    0.7727     0.675    0.5349   0.02874   0.03739   0.03103
   262/599     11.7G   0.01664   0.02287  0.004062   0.04358       269       640    0.5686    0.8029    0.6794    0.5277   0.02839   0.03669   0.03177
   263/599     11.7G   0.01607   0.02163  0.004074   0.04178       266       640    0.5777    0.7688    0.6584    0.5147   0.02776   0.03593   0.03175
   264/599     11.7G   0.01781   0.01943  0.004036   0.04128       283       640    0.5869    0.7636    0.6511    0.5138   0.02769   0.03603   0.03144
   265/599     11.7G    0.0178   0.02098  0.004223     0.043       297       640    0.6616    0.7093    0.6607    0.5187    0.0277   0.03673   0.03075
   266/599     11.7G   0.01656   0.02053  0.004066   0.04115       280       640    0.6416    0.6913    0.6632    0.5272   0.02761   0.03747   0.02939
   267/599     11.7G   0.01653   0.02051  0.004176   0.04121       210       640    0.6292    0.7404     0.673    0.5372   0.02875   0.03763   0.02842
   268/599     11.7G   0.01634   0.02037  0.003712   0.04042       310       640    0.6122     0.697    0.6652    0.5054      0.03   0.03899   0.03086
   269/599     11.7G   0.01741   0.02134  0.004179   0.04293       291       640     0.559    0.7673    0.6502    0.4981   0.02918   0.03859   0.03117
   270/599     11.7G   0.01688    0.0217  0.004282   0.04286       308       640    0.5785    0.7072    0.6464    0.4936   0.02958   0.03893   0.03108
   271/599     11.7G   0.01628   0.02094  0.004334   0.04156       282       640    0.5923    0.6941    0.6371    0.4979   0.02934   0.03891   0.03151
   272/599     11.7G    0.0169   0.02303   0.00389   0.04382       279       640    0.5154    0.7821     0.624    0.4878   0.02905   0.03794     0.032
   273/599     11.7G   0.01825   0.02221  0.003991   0.04445       410       640    0.4802    0.8159    0.6282    0.4893   0.02898   0.03777   0.03222
   274/599     11.7G   0.01627   0.01805  0.003542   0.03786       258       640    0.5058    0.8061     0.629     0.492   0.02879   0.03781   0.03101
   275/599     11.7G   0.01543   0.02017  0.003815   0.03941       208       640    0.4918    0.8273    0.6203    0.4954   0.02865   0.03804   0.03095
   276/599     11.7G   0.01624   0.02198  0.003858   0.04207       330       640    0.5385    0.6859    0.6147    0.4859   0.02812   0.03732   0.02998
   277/599     11.7G    0.0164   0.01961  0.003306   0.03932       265       640    0.5174    0.7409    0.6128    0.4866   0.02803   0.03684   0.03008
   278/599     11.7G    0.0162   0.02115  0.003567   0.04092       206       640    0.4999     0.807     0.612    0.4806   0.02769   0.03636   0.03184
   279/599     11.7G   0.01484   0.01894  0.003536   0.03731       225       640    0.4983    0.7661    0.6059    0.4866   0.02817   0.03606   0.03222
   280/599     11.7G   0.01612   0.02071  0.003782   0.04061       266       640    0.5734    0.6384    0.5995    0.4756   0.02902   0.03812   0.03236
   281/599     11.7G   0.01667   0.01789    0.0039   0.03846       196       640    0.5154    0.7685    0.6002    0.4694     0.029   0.03814   0.03274
   282/599     11.7G   0.01556   0.02036  0.003472   0.03939       245       640    0.5749    0.6612    0.6146     0.483   0.02861   0.03813   0.03242
   283/599     11.7G   0.01519   0.01892  0.003667   0.03778       277       640    0.5731    0.6701    0.6185    0.4852   0.02858    0.0378   0.03236
   284/599     11.7G   0.01573   0.02058  0.003953   0.04026       276       640     0.623    0.6607    0.6391    0.5028   0.02893   0.03661   0.03152
   285/599     11.7G   0.01655   0.02248  0.003907   0.04294       278       640     0.625    0.6717    0.6411    0.5036    0.0288   0.03664   0.03169
   286/599     11.7G   0.01597   0.01916  0.003767    0.0389       316       640    0.6003    0.6967     0.632    0.4973   0.02883     0.037   0.03213
   287/599     11.7G   0.01647    0.0202  0.004032   0.04071       237       640    0.6078    0.6809    0.6367    0.5013   0.02913    0.0378   0.03201
   288/599     11.7G   0.01734   0.02001  0.004098   0.04145       270       640     0.597    0.6889    0.6499    0.5161   0.02901    0.0375   0.03216
   289/599     11.7G   0.01729   0.02259  0.003783   0.04366       286       640    0.5199    0.8369    0.6563    0.5222   0.02884   0.03728   0.03307
   290/599     11.7G   0.01546   0.01947  0.003856   0.03878       278       640     0.601    0.6849    0.6602    0.5227   0.02825   0.03785   0.03298
   291/599     11.7G   0.01535   0.01847  0.003384    0.0372       132       640    0.5505     0.807    0.6567    0.5239   0.02806   0.03836   0.03221
   292/599     11.7G   0.01485   0.01886  0.003393    0.0371       325       640    0.5331    0.8393    0.6592    0.5253   0.02862   0.03847    0.0321
   293/599     11.7G   0.01569   0.01995  0.003718   0.03936       205       640    0.5882    0.7099    0.6512    0.5135   0.02866   0.03824   0.03227
   294/599     11.7G   0.01503   0.01953  0.002931    0.0375       358       640    0.5792     0.761    0.6609    0.5272   0.02867   0.03799   0.03192
   295/599     11.7G   0.01557   0.01972  0.003082   0.03836       247       640    0.6239    0.7162    0.6734    0.5321   0.02886   0.03829    0.0324
   296/599     11.7G   0.01548   0.01935  0.003132   0.03796       270       640    0.6708    0.6883    0.6795     0.535   0.02809   0.03832   0.03215
   297/599     11.7G   0.01695   0.02038  0.003608   0.04094       312       640    0.6385    0.6649     0.658    0.5237   0.02776   0.03881    0.0327
   298/599     11.7G   0.01558   0.01905  0.003377   0.03801       272       640    0.6284    0.6924    0.6636    0.5268   0.02772   0.03929   0.03452
   299/599     11.7G   0.01619   0.02108  0.003806   0.04107       282       640    0.5668    0.7467    0.6311    0.5027   0.02837   0.03955   0.03571
   300/599     11.7G   0.01487   0.01974  0.003134   0.03774       281       640    0.5644    0.7011    0.6057     0.473   0.02879   0.03914   0.03594
   301/599     11.7G   0.01678    0.0206  0.003501   0.04089       333       640    0.5996    0.6486    0.6216    0.4945   0.02845    0.0389   0.03592
   302/599     11.7G   0.01459   0.01834  0.003144   0.03607       219       640    0.5493     0.741    0.6183    0.5025   0.02805   0.03917    0.0352
   303/599     11.7G   0.01521   0.02039  0.003824   0.03943       251       640    0.5567     0.723    0.6323     0.515   0.02774    0.0389   0.03451
   304/599     11.7G   0.01502    0.0197  0.003612   0.03834       381       640    0.5792    0.7161     0.641    0.5149   0.02823   0.03944   0.03451
   305/599     11.7G   0.01625   0.01921  0.003636    0.0391       238       640    0.6065    0.6681    0.6342    0.5111   0.02814      0.04   0.03514
   306/599     11.7G   0.01469   0.01908  0.003065   0.03684       286       640    0.6296    0.6615    0.6357    0.5041   0.02841   0.04037   0.03543
   307/599     11.7G   0.01443   0.01818  0.003532   0.03614       236       640    0.6154    0.6664    0.6439    0.4979   0.02829   0.04019   0.03496
   308/599     11.7G   0.01552   0.02211  0.003482   0.04111       276       640    0.6051     0.679    0.6385    0.4937   0.02898    0.0398   0.03432
   309/599     11.7G   0.01634    0.0205  0.003397   0.04024       238       640    0.6367    0.6561    0.6421     0.511   0.02985    0.0391   0.03396
   310/599     11.7G    0.0147   0.01869  0.003123   0.03651       353       640     0.594    0.6884     0.654    0.5264   0.03004   0.03879   0.03165
   311/599     11.7G   0.01515   0.02018  0.003618   0.03895       406       640    0.6611    0.6411    0.6639    0.5353   0.02992   0.03842   0.03217
   312/599     11.7G   0.01527   0.01919  0.003222   0.03768       250       640    0.5575    0.8026    0.6607    0.5306   0.02883    0.0388   0.03347
   313/599     11.7G   0.01606   0.02144  0.003666   0.04116       283       640    0.6013    0.7256    0.6496    0.5177   0.02831   0.03823   0.03332
   314/599     11.7G   0.01516   0.02089  0.003049   0.03909       253       640    0.5572    0.7782    0.6535    0.5192    0.0277   0.03762   0.03231
   315/599     11.7G   0.01453    0.0197  0.003257   0.03748       312       640    0.6221      0.66    0.6515    0.5175   0.02768   0.03724   0.03183
   316/599     11.7G   0.01512   0.01858  0.003429   0.03712       282       640    0.5782    0.7351     0.644    0.5239   0.02811   0.03836    0.0319
   317/599     11.7G   0.01589   0.02035  0.003237   0.03947       239       640    0.5781    0.7257    0.6355    0.5099   0.02833   0.03868   0.03284
   318/599     11.7G   0.01515   0.01856  0.002932   0.03664       326       640      0.59    0.6983    0.6394    0.5157   0.02915    0.0392   0.03398
   319/599     11.7G    0.0149   0.02003  0.003217   0.03815       257       640    0.6046     0.704    0.6505    0.5208    0.0298   0.04036   0.03438
   320/599     11.7G   0.01502    0.0199  0.003363   0.03828       314       640    0.5898    0.6839    0.6419    0.5077   0.03092   0.04093   0.03523
   321/599     11.7G   0.01608   0.01907  0.003147   0.03829       263       640    0.5248    0.7792    0.6394    0.5028   0.03141   0.04108    0.0347
   322/599     11.7G   0.01531   0.02084  0.003014   0.03917       297       640    0.5684    0.6965    0.6346    0.5007    0.0314   0.04055   0.03506
   323/599     11.7G   0.01402   0.01854  0.002647   0.03521       237       640    0.5635    0.7321    0.6492    0.5089   0.03134   0.04081   0.03499
   324/599     11.7G   0.01539   0.01769   0.00341   0.03649       298       640    0.5875    0.7143    0.6608    0.5095   0.03117    0.0404   0.03568
   325/599     11.7G   0.01481   0.01865  0.003097   0.03656       297       640    0.5899     0.709    0.6454    0.4938   0.03081   0.04066   0.03716
   326/599     11.7G   0.01477   0.01879  0.002981   0.03654       276       640    0.5476    0.7823    0.6393    0.4956   0.03069    0.0405   0.03755
   327/599     11.7G   0.01421   0.01869  0.003322   0.03621       282       640     0.562     0.777     0.644    0.5002   0.02996   0.04017   0.03762
   328/599     11.7G   0.01492    0.0178  0.002932   0.03565       265       640    0.5487    0.7873    0.6476    0.4999   0.02992   0.03925   0.03626
   329/599     11.7G   0.01489   0.01966   0.00293   0.03748       234       640    0.5643    0.7417    0.6499    0.5007   0.03008   0.03982   0.03601
   330/599     11.7G    0.0146   0.01667  0.003117   0.03438       232       640    0.5993    0.6881    0.6435    0.5033   0.03014   0.04046   0.03561
   331/599     11.7G   0.01437   0.01906   0.00271   0.03614       287       640    0.5908    0.6898    0.6368    0.5045   0.02999    0.0407   0.03478
   332/599     11.7G   0.01505   0.01903   0.00299   0.03707       234       640    0.5735    0.7568     0.641    0.5141   0.02964   0.04018   0.03319
   333/599     11.7G   0.01554   0.02224   0.00383   0.04161       303       640    0.5904    0.7126     0.665    0.5172   0.02965   0.04013   0.03675
   334/599     11.7G   0.01514   0.02013  0.003161   0.03843       358       640    0.5845    0.7279    0.6738    0.5252   0.02931    0.0397   0.03689
   335/599     11.7G   0.01466   0.02047  0.003009   0.03814       223       640    0.6116    0.6991    0.6814     0.535   0.02914   0.03919   0.03659
   336/599     11.7G   0.01486   0.01768  0.002957    0.0355       287       640    0.6222    0.7154    0.6838    0.5479     0.029   0.03898   0.03537
   337/599     11.7G   0.01433   0.01941  0.003042   0.03679       311       640      0.69    0.6932    0.6873    0.5539   0.02918   0.03899   0.03387
   338/599     11.7G   0.01477   0.01983  0.003076   0.03767       298       640    0.6802     0.696    0.6879    0.5538   0.02901   0.03871   0.03296
   339/599     11.7G   0.01364   0.01671  0.002732   0.03308       149       640    0.6657    0.7116    0.6966    0.5534   0.02892   0.03878   0.03266
   340/599     11.7G   0.01434   0.01874   0.00278   0.03586       249       640    0.6112    0.6901    0.6737    0.5236   0.02906   0.03944   0.03472
   341/599     11.7G   0.01433   0.01749  0.002862   0.03468       291       640    0.6055    0.7061    0.6837    0.5261   0.02877   0.03877   0.03507
   342/599     11.7G   0.01467   0.01828  0.002869   0.03582       300       640    0.6083    0.7223    0.6797    0.5244    0.0286   0.03806   0.03428
   343/599     11.7G   0.01503   0.01916  0.002812     0.037       250       640    0.6222    0.7061     0.679    0.5353   0.02807   0.03832   0.03282
   344/599     11.7G   0.01392   0.01717   0.00267   0.03377       284       640    0.6205    0.7254    0.6881    0.5476   0.02882   0.03915   0.03125
   345/599     11.7G   0.01416   0.01795  0.002998    0.0351       358       640    0.6058     0.705    0.6765    0.5462   0.02835   0.03954   0.03337
   346/599     11.7G   0.01528   0.01999  0.003205   0.03848       319       640    0.5896    0.6984    0.6668    0.5386   0.02843   0.04022   0.03473
   347/599     11.7G   0.01359   0.01845  0.002466   0.03451       230       640    0.5629    0.7355    0.6579    0.5254   0.02899   0.04067    0.0352
   348/599     11.7G   0.01438    0.0186  0.003062   0.03604       232       640    0.6134    0.6842    0.6487    0.5107    0.0292   0.04081   0.03457
   349/599     11.7G    0.0145   0.01866  0.003007   0.03616       323       640    0.6239    0.7174    0.6493    0.5102   0.02894   0.04157   0.03433
   350/599     11.7G    0.0136   0.01906  0.002828   0.03549       329       640    0.6226    0.7073    0.6393    0.5037   0.02922   0.04227   0.03506
   351/599     11.7G   0.01387   0.01893  0.003469   0.03627       258       640    0.6512     0.667    0.6474    0.5085   0.02949   0.04272   0.03416
   352/599     11.7G   0.01415   0.01722   0.00262   0.03399       295       640    0.6425     0.706    0.6495    0.5061   0.02954   0.04311   0.03345
   353/599     11.7G   0.01417   0.01875  0.003035   0.03595       348       640    0.6121    0.7527    0.6456    0.5116   0.02923   0.04263   0.03422
   354/599     11.7G   0.01406    0.0181  0.002959   0.03511       263       640    0.6147    0.7327    0.6589    0.5134   0.02909   0.04261   0.03515
   355/599     11.7G   0.01432   0.01881  0.002865     0.036       300       640    0.6468    0.6736    0.6564     0.513   0.02904   0.04235   0.03517
   356/599     11.7G   0.01421   0.01907  0.002639   0.03591       281       640    0.6429    0.6888    0.6531    0.5164   0.02931   0.04278   0.03597
   357/599     11.7G   0.01431   0.01773  0.002683   0.03472       307       640    0.6465    0.6787    0.6446     0.515   0.02958   0.04323    0.0362
   358/599     11.7G   0.01499   0.01956  0.002949   0.03749       258       640    0.5992    0.7122    0.6464     0.523   0.02925   0.04322   0.03588
   359/599     11.7G   0.01322   0.01731  0.002642   0.03317       208       640    0.6215    0.7122     0.662    0.5215   0.02875   0.04297   0.03508
   360/599     11.7G    0.0144   0.01684   0.00272   0.03396       319       640    0.6473    0.6802     0.658    0.5315   0.02861    0.0433   0.03413
   361/599     11.7G   0.01367   0.01909   0.00252   0.03529       237       640     0.635    0.7152    0.6605    0.5325    0.0287   0.04291   0.03394
   362/599     11.7G   0.01437   0.01845   0.00271   0.03552       313       640    0.6318    0.7296    0.6691     0.535   0.02864   0.04268   0.03463
   363/599     11.7G   0.01339   0.01695  0.002128   0.03247       383       640    0.6517    0.6944    0.6791    0.5435   0.02896   0.04184   0.03489
   364/599     11.7G   0.01468   0.01882  0.002731   0.03623       309       640     0.658    0.7249     0.686    0.5492    0.0291    0.0409   0.03536
   365/599     11.7G   0.01424    0.0166  0.002267   0.03311       242       640    0.6641    0.7169    0.6866    0.5477   0.02929   0.04093   0.03575
   366/599     11.7G   0.01307   0.01636  0.002711   0.03214       336       640    0.6568    0.7069    0.6793    0.5413   0.02993   0.04084   0.03541
   367/599     11.7G   0.01341   0.01831  0.002516   0.03423       245       640    0.6318    0.7025    0.6689    0.5298    0.0302   0.04089   0.03542
   368/599     11.7G   0.01383   0.01814  0.002718   0.03468       324       640     0.556    0.7506    0.6611     0.518   0.03025   0.04077   0.03672
   369/599     11.7G   0.01362   0.01614   0.00276   0.03252       225       640    0.5345    0.8076     0.652    0.5258   0.02973   0.04113   0.03698
   370/599     11.7G   0.01359   0.01799  0.002675   0.03425       257       640     0.549    0.7562    0.6443    0.5261   0.02953   0.04113   0.03778
   371/599     11.7G   0.01366   0.01747  0.002929   0.03406       268       640    0.6295    0.6546    0.6435    0.5243   0.02937   0.04079   0.03768
   372/599     11.7G   0.01352   0.01827   0.00291    0.0347       408       640    0.5802    0.7174    0.6509    0.5284    0.0296   0.04073   0.03689
   373/599     11.7G   0.01427   0.01872  0.002661   0.03565       225       640    0.5824    0.6979    0.6409    0.5167    0.0298   0.04099     0.036
   374/599     11.7G   0.01286   0.01695  0.002371   0.03218       280       640    0.6016    0.7136    0.6568    0.5256   0.02965   0.04123    0.0349
   375/599     11.7G   0.01303   0.01657   0.00245   0.03205       250       640    0.5765    0.7421     0.654    0.5237    0.0296   0.04165   0.03532
   376/599     11.7G   0.01378   0.01671  0.002491   0.03298       275       640    0.5552    0.7128    0.6394     0.515   0.02995   0.04289    0.0378
   377/599     11.7G   0.01352   0.01793  0.002402   0.03386       287       640    0.5295    0.7449    0.6277    0.5083   0.02927   0.04378   0.03937
   378/599     11.7G   0.01379   0.02098  0.002605   0.03737       279       640    0.5429    0.6923     0.623    0.5063   0.02851   0.04384   0.03919
   379/599     11.7G   0.01308   0.01677  0.002729   0.03258       194       640    0.5421    0.7247    0.6331    0.5108   0.02841   0.04392   0.03864
   380/599     11.7G   0.01443   0.01787  0.002842   0.03514       364       640    0.5453    0.7521    0.6416    0.5119   0.02867   0.04397   0.03759
   381/599     11.7G   0.01367   0.01757  0.002324   0.03356       247       640    0.5302    0.7898    0.6481    0.5199   0.02883   0.04302   0.03729
   382/599     11.7G   0.01331   0.01858  0.002404   0.03429       299       640    0.5415    0.7622    0.6462    0.5256   0.02902   0.04265   0.03686
   383/599     11.7G   0.01285   0.01653  0.002657   0.03203       242       640    0.5741    0.6823     0.643    0.5258   0.02888   0.04272   0.03666
   384/599     11.7G   0.01352   0.01712  0.002601   0.03324       259       640    0.5481    0.7173    0.6415    0.5247   0.02873   0.04233   0.03559
   385/599     11.7G   0.01224   0.01857   0.00242   0.03323       314       640    0.5539    0.7333    0.6409    0.5214   0.02857    0.0408   0.03169
   386/599     11.7G   0.01282   0.01656  0.002334   0.03171       236       640    0.5854    0.7311    0.6444    0.5267   0.02823   0.04037   0.02907
   387/599     11.7G   0.01324   0.01775  0.002758   0.03375       240       640    0.5985    0.7176    0.6472    0.5281   0.02814   0.04021   0.02924
   388/599     11.7G   0.01347   0.01667   0.00238   0.03252       265       640    0.5837     0.719    0.6385    0.5195    0.0282   0.04054   0.03455
   389/599     11.7G    0.0125    0.0156  0.002135   0.03024       319       640    0.5732     0.714    0.6354    0.5093   0.02851   0.04112   0.03854
   390/599     11.7G   0.01351   0.01816   0.00246   0.03413       322       640    0.5683    0.7136    0.6292    0.4998   0.02871   0.04173   0.04038
   391/599     11.7G   0.01336    0.0169   0.00243   0.03269       299       640    0.5542     0.746    0.6258    0.4984   0.02894   0.04209   0.04141
   392/599     11.7G     0.014   0.01795   0.00229   0.03425       342       640    0.5436    0.7282    0.6263    0.4983   0.02892   0.04232   0.04248
   393/599     11.7G   0.01338   0.01772   0.00244   0.03354       363       640    0.5678     0.702     0.626     0.495   0.02885   0.04204   0.04195
   394/599     11.7G   0.01275   0.01781  0.002347   0.03291       293       640    0.5409    0.7459    0.6168    0.4953   0.02903   0.04173   0.04097
   395/599     11.7G   0.01356   0.01816  0.002786   0.03451       313       640    0.5899    0.7171    0.6277    0.5011   0.02935   0.04204   0.04024
   396/599     11.7G   0.01202   0.01663  0.002039   0.03068       216       640    0.5697    0.7208    0.6322    0.5065    0.0297   0.04217   0.03918
   397/599     11.7G   0.01277   0.01667   0.00242   0.03185       287       640    0.5811    0.7095    0.6376    0.5079    0.0298   0.04269   0.03921
   398/599     11.7G   0.01316   0.01802  0.002333   0.03351       262       640    0.5963    0.6703    0.6346    0.5159   0.02982   0.04336   0.03948
   399/599     11.7G   0.01406   0.02076  0.003154   0.03798       234       640    0.5617    0.7049    0.6403    0.5199   0.02943   0.04323   0.03981
   400/599     11.7G   0.01302    0.0179  0.002584    0.0335       286       640    0.5892    0.6711     0.638    0.5185   0.02889   0.04178   0.03945
   401/599     11.7G   0.01365   0.01969  0.002657     0.036       253       640    0.6246    0.6522    0.6411    0.5232   0.02919   0.04148   0.03837
   402/599     11.7G   0.01382   0.01855  0.002806   0.03518       319       640     0.625    0.6399    0.6386    0.5148   0.02974   0.04197    0.0387
   403/599     11.7G   0.01176   0.01613  0.001863   0.02976       303       640    0.6124    0.6605    0.6448    0.5088   0.03013   0.04266   0.03943
   404/599     11.7G   0.01352   0.01719  0.002519   0.03323       289       640     0.599    0.6576    0.6393    0.5058   0.03015   0.04287   0.04005
   405/599     11.7G   0.01278   0.01758  0.002744    0.0331       282       640    0.5914    0.6437    0.6372    0.5034   0.02974   0.04219   0.04023
   406/599     11.7G   0.01301     0.018  0.002632   0.03364       239       640    0.5931    0.6428    0.6272    0.4953   0.02957   0.04193   0.04012
   407/599     11.7G   0.01221   0.01649  0.002181   0.03089       301       640    0.6165     0.637    0.6321    0.5009    0.0299   0.04159   0.03925
   408/599     11.7G    0.0138   0.01713  0.002705   0.03363       262       640    0.6299    0.6386    0.6247    0.4961   0.02991   0.04121   0.03799
   409/599     11.7G   0.01254   0.01645   0.00221    0.0312       210       640    0.6327    0.6144    0.6245    0.4955    0.0296   0.04107   0.03779
   410/599     11.7G   0.01311   0.01896  0.002489   0.03456       263       640    0.6185    0.6523    0.6397    0.5049   0.02978   0.04139     0.038
   411/599     11.7G   0.01273   0.01657  0.002213   0.03151       296       640    0.6276    0.6608    0.6486    0.5116   0.02999   0.04137   0.03765
   412/599     11.7G   0.01397   0.01809  0.002826   0.03488       257       640    0.6402    0.6412    0.6439    0.5187    0.0296   0.04118   0.03601
   413/599     11.7G   0.01271   0.01815  0.002471   0.03333       219       640    0.6461    0.6422    0.6475    0.5204   0.02962   0.04113   0.03657
   414/599     11.7G    0.0129   0.01597  0.002452   0.03132       276       640    0.5698    0.7427    0.6555    0.5352   0.02942   0.04147   0.03686
   415/599     11.7G    0.0124   0.01619   0.00211    0.0307       251       640    0.5901    0.7399    0.6569    0.5333   0.02934   0.04208   0.03682
   416/599     11.7G   0.01235   0.01667  0.002591   0.03161       279       640    0.5845    0.7221    0.6516    0.5247   0.02901   0.04383   0.03696
   417/599     11.7G   0.01307   0.01753  0.002406   0.03301       265       640    0.6355    0.6602    0.6538    0.5247   0.02881   0.04427   0.03693
   418/599     11.7G   0.01259   0.01786  0.002326   0.03277       343       640    0.6101    0.6894    0.6565    0.5213   0.02885   0.04487   0.03645
   419/599     11.7G   0.01267   0.01705   0.00231   0.03203       234       640    0.6177    0.6754    0.6544     0.519   0.02915   0.04559   0.03658
   420/599     11.7G   0.01231   0.01742  0.002133   0.03187       341       640    0.6168    0.6552    0.6484    0.5183   0.02946   0.04541   0.03621
   421/599     11.7G   0.01323   0.01684  0.002724    0.0328       273       640    0.6453    0.6555    0.6643    0.5274   0.02974   0.04457   0.03441
   422/599     11.7G   0.01222   0.01661  0.002542   0.03137       298       640    0.6259    0.6547    0.6629    0.5236   0.02985   0.04387   0.03445
   423/599     11.7G    0.0133   0.01643  0.002573    0.0323       281       640    0.6302    0.6525    0.6559    0.5136   0.02963   0.04332   0.03477
   424/599     11.7G   0.01404   0.01817   0.00231   0.03451       372       640    0.6471    0.6606    0.6559    0.5194   0.02943   0.04288   0.03627
   425/599     11.7G   0.01287   0.01649  0.002237    0.0316       234       640    0.6028    0.7198    0.6489    0.5171   0.02903   0.04295   0.03764
   426/599     11.7G   0.01226   0.01711  0.002391   0.03176       271       640    0.6218    0.6688    0.6329    0.5117   0.02921   0.04393   0.03885
   427/599     11.7G   0.01282   0.01805  0.002557   0.03343       352       640    0.5901    0.6951    0.6265    0.5035   0.02967   0.04445   0.03967
   428/599     11.7G   0.01267   0.01678  0.002004   0.03145       257       640    0.5829    0.6983    0.6259    0.4967    0.0298   0.04493   0.03995
   429/599     11.7G   0.01235   0.01594  0.002263   0.03056       318       640    0.6245    0.6698    0.6312     0.502   0.02967   0.04459   0.03987
   430/599     11.7G   0.01318   0.01659  0.002723   0.03249       278       640    0.5966    0.6702    0.6271    0.5128   0.02942   0.04447    0.0399
   431/599     11.7G   0.01217   0.01502  0.001869   0.02905       216       640    0.5872    0.7119    0.6365    0.5096   0.02925   0.04427    0.0392
   432/599     11.7G   0.01304    0.0178  0.002409   0.03325       327       640     0.605    0.6831    0.6312     0.509   0.02887   0.04385   0.03927
   433/599     11.7G   0.01222   0.01572  0.001866   0.02981       215       640     0.601    0.6872    0.6341    0.5131   0.02886   0.04405   0.03975
   434/599     11.7G   0.01272   0.01712  0.002528   0.03237       260       640    0.5836     0.682    0.6333    0.5145   0.02891   0.04361   0.03967
   435/599     11.7G   0.01234   0.01737  0.002343   0.03206       357       640    0.5992    0.6813    0.6313    0.5149   0.02886   0.04351   0.03946
   436/599     11.7G   0.01399   0.01774  0.002861   0.03459       312       640    0.6132    0.6909    0.6419    0.5245   0.02894   0.04309    0.0393
   437/599     11.7G   0.01241   0.01729  0.002606    0.0323       337       640    0.5994    0.7198    0.6495    0.5208   0.02937   0.04291   0.03863
   438/599     11.7G   0.01311   0.01806  0.002425    0.0336       394       640    0.6385    0.6591    0.6518    0.5209   0.02923   0.04294   0.03869
   439/599     11.7G   0.01314   0.01638  0.002198   0.03172       269       640    0.6364      0.66    0.6471    0.5176   0.02892   0.04291   0.03923
   440/599     11.7G   0.01187   0.01665  0.002016   0.03054       291       640    0.6217    0.6945    0.6454    0.5182   0.02895   0.04243   0.03947
   441/599     11.7G   0.01196    0.0161  0.002279   0.03035       339       640    0.6275    0.6871    0.6549    0.5211    0.0289   0.04219   0.03909
   442/599     11.7G   0.01257   0.01858  0.002401   0.03355       341       640    0.6356    0.6777    0.6544    0.5231   0.02893   0.04249   0.03819
   443/599     11.7G   0.01246   0.01613  0.002329   0.03092       365       640    0.6385    0.6824     0.661      0.53   0.02889   0.04281   0.03735
   444/599     11.7G   0.01235   0.01626  0.001927   0.03053       277       640    0.6465    0.6772     0.665    0.5416   0.02901   0.04287   0.03677
   445/599     11.7G   0.01189   0.01601  0.002337   0.03023       261       640    0.6522    0.6674    0.6684    0.5446   0.02893   0.04261   0.03732
   446/599     11.7G   0.01319   0.01674  0.002474    0.0324       322       640    0.6475    0.6648    0.6649    0.5382   0.02903   0.04254    0.0381
   447/599     11.7G   0.01233   0.01668  0.002373   0.03139       234       640     0.616    0.6946    0.6671    0.5387   0.02897   0.04263   0.03871
   448/599     11.7G   0.01282   0.01508  0.002245   0.03014       284       640    0.5986    0.7107    0.6636    0.5332   0.02893   0.04287   0.03943
   449/599     11.7G   0.01171   0.01682  0.001805   0.03033       302       640    0.5876    0.7302    0.6574    0.5303   0.02886    0.0433   0.03985
   450/599     11.7G   0.01253   0.01669   0.00225   0.03148       309       640    0.5948    0.7249    0.6601    0.5319   0.02876   0.04332   0.03984
   451/599     11.7G   0.01212   0.01526  0.002213    0.0296       242       640    0.5959    0.7288    0.6623    0.5323   0.02884   0.04345   0.03996
   452/599     11.7G   0.01269   0.01611  0.002002    0.0308       279       640    0.6426    0.6642    0.6527    0.5234   0.02877   0.04355   0.04017
   453/599     11.7G   0.01266   0.01674  0.002453   0.03186       387       640    0.6177    0.6874    0.6511    0.5225   0.02865   0.04341   0.03968
   454/599     11.7G   0.01193   0.01572  0.002115   0.02976       273       640    0.6321    0.6727    0.6537    0.5288   0.02873   0.04323   0.03879
   455/599     11.7G   0.01206   0.01572  0.002294   0.03008       231       640    0.6491    0.6459    0.6522    0.5278   0.02871   0.04321    0.0387
   456/599     11.7G   0.01217   0.01766  0.002131   0.03197       252       640     0.634    0.6516    0.6458      0.53   0.02872   0.04293   0.03939
   457/599     11.7G   0.01251   0.01669  0.002021   0.03122       272       640    0.6464    0.6441    0.6482    0.5294   0.02857   0.04252   0.04003
   458/599     11.7G   0.01356   0.01899  0.002582   0.03513       311       640     0.654    0.6419    0.6506    0.5329   0.02863   0.04231   0.04042
   459/599     11.7G   0.01185   0.01667  0.001773   0.03029       264       640    0.6286    0.6544    0.6504    0.5309    0.0287    0.0423   0.04078
   460/599     11.7G   0.01177   0.01631  0.001783   0.02986       320       640    0.5572    0.7783    0.6501    0.5287   0.02853   0.04263   0.04116
   461/599     11.7G   0.01261   0.01674   0.00211   0.03146       283       640    0.5498    0.7917    0.6519    0.5311   0.02842   0.04258   0.04103
   462/599     11.7G   0.01173   0.01669  0.001927   0.03034       329       640    0.5727    0.7428    0.6578     0.538   0.02843   0.04265    0.0409
   463/599     11.7G   0.01253   0.01684  0.002133    0.0315       246       640    0.5667    0.7466    0.6536     0.538    0.0284   0.04256   0.04084
   464/599     11.7G   0.01206   0.01677  0.002112   0.03094       277       640    0.5787    0.7535    0.6556    0.5369   0.02821   0.04223    0.0404
   465/599     11.7G   0.01175   0.01666  0.002027   0.03044       217       640    0.6446     0.641    0.6538     0.536   0.02814    0.0423   0.04015
   466/599     11.7G   0.01185   0.01642  0.001826   0.03009       180       640     0.646    0.6365     0.657    0.5299   0.02826   0.04244   0.04021
   467/599     11.7G   0.01193   0.01618  0.001975   0.03008       303       640    0.6511    0.6373    0.6566    0.5342   0.02844   0.04295   0.04024
   468/599     11.7G   0.01105   0.01538  0.001867    0.0283       307       640    0.6443     0.635    0.6504     0.532   0.02877   0.04319   0.03971
   469/599     11.7G    0.0123    0.0166  0.002072   0.03098       256       640    0.6467    0.6297     0.653    0.5332   0.02905   0.04336   0.03956
   470/599     11.7G   0.01182   0.01674  0.002094   0.03065       293       640    0.6168    0.6544    0.6517     0.532   0.02934   0.04346   0.03967
   471/599     11.7G    0.0112   0.01592  0.001767   0.02889       219       640    0.5937    0.7117    0.6539    0.5314   0.02947   0.04352   0.03982
   472/599     11.7G   0.01142   0.01511  0.001794   0.02832       230       640    0.5985    0.7269    0.6639    0.5388   0.02961   0.04352      0.04
   473/599     11.7G   0.01144   0.01568  0.002024   0.02915       338       640    0.6171    0.6938    0.6701    0.5372   0.02949   0.04332   0.03946
   474/599     11.7G   0.01161   0.01639  0.001829   0.02983       315       640    0.5445    0.7798    0.6603    0.5352   0.02945   0.04337   0.03892
   475/599     11.7G   0.01146   0.01531  0.001745   0.02851       390       640     0.612    0.7034    0.6641    0.5335   0.02952   0.04353   0.03813
   476/599     11.7G    0.0115    0.0162  0.001944   0.02964       263       640      0.62    0.6809    0.6679    0.5432   0.02927   0.04361   0.03744
   477/599     11.7G     0.012    0.0146  0.001805    0.0284       246       640    0.6056    0.6957    0.6713    0.5454   0.02903   0.04375   0.03799
   478/599     11.7G   0.01185   0.01647    0.0019   0.03022       278       640    0.5991    0.7016    0.6742    0.5486   0.02896    0.0438   0.03844
   479/599     11.7G   0.01297   0.01679  0.002509   0.03227       232       640    0.6101    0.7095    0.6702    0.5492   0.02886    0.0439   0.03862
   480/599     11.7G   0.01174   0.01596  0.001672   0.02937       363       640    0.6035     0.702    0.6708    0.5479   0.02895   0.04421   0.03856
   481/599     11.7G   0.01194   0.01675  0.002213   0.03091       245       640    0.6012    0.7083    0.6699    0.5528   0.02898   0.04401   0.03848
   482/599     11.7G   0.01208   0.01592  0.001907    0.0299       310       640     0.596    0.7161     0.673    0.5535   0.02915   0.04403   0.03824
   483/599     11.7G   0.01166   0.01509  0.001547    0.0283       298       640    0.6473    0.6697    0.6763    0.5584   0.02939    0.0439   0.03759
   484/599     11.7G   0.01209   0.01608  0.002242   0.03041       246       640    0.6356    0.7005    0.6749     0.557   0.02973   0.04345   0.03605
   485/599     11.7G   0.01172   0.01513  0.002065   0.02891       324       640    0.6291    0.7144    0.6746    0.5566   0.02978   0.04301   0.03535
   486/599     11.7G   0.01131   0.01461  0.002252   0.02818       290       640    0.6286    0.7168    0.6733    0.5569   0.02963   0.04282   0.03474
   487/599     11.7G   0.01243   0.01508  0.002216   0.02972       252       640    0.6406    0.7124    0.6668    0.5515   0.02939   0.04281   0.03403
   488/599     11.7G   0.01217   0.01563  0.002045   0.02984       320       640    0.6387    0.6992    0.6682    0.5519   0.02901    0.0425   0.03326
   489/599     11.7G   0.01131   0.01559  0.001846   0.02875       255       640    0.5983    0.7337    0.6645    0.5492   0.02907   0.04238   0.03407
   490/599     11.7G   0.01225   0.01698  0.002283   0.03151       266       640    0.6169    0.7183    0.6684    0.5485   0.02927   0.04195   0.03509
   491/599     11.7G    0.0123   0.01609   0.00216   0.03055       233       640    0.6333     0.708    0.6684    0.5503   0.02934   0.04161   0.03558
   492/599     11.7G   0.01224   0.01649  0.002333   0.03105       306       640    0.6332    0.7123    0.6659     0.547   0.02936   0.04215   0.03685
   493/599     11.7G   0.01185   0.01634  0.001993   0.03018       317       640    0.6294    0.7148    0.6644    0.5458   0.02942   0.04263   0.03783
   494/599     11.7G   0.01132    0.0148   0.00186   0.02798       251       640    0.6473    0.7059    0.6688    0.5495   0.02934   0.04271   0.03827
   495/599     11.7G   0.01242   0.01583  0.002543    0.0308       249       640    0.6539     0.698    0.6594    0.5422   0.02924   0.04263   0.03854
   496/599     11.7G   0.01132   0.01547  0.001712    0.0285       379       640    0.6321    0.6995    0.6573    0.5417   0.02885   0.04283   0.03804
   497/599     11.7G   0.01099   0.01413  0.001522   0.02664       327       640    0.6458    0.6748    0.6577    0.5415    0.0285   0.04313   0.03741
   498/599     11.7G    0.0111   0.01545  0.001956   0.02851       246       640    0.5919    0.7206      0.66    0.5441   0.02823   0.04304   0.03686
   499/599     11.7G   0.01214   0.01687  0.002162   0.03117       357       640    0.5995    0.6925    0.6617    0.5432   0.02819   0.04303   0.03684
   500/599     11.7G    0.0114   0.01804  0.001881   0.03132       309       640    0.6065     0.684    0.6546    0.5385   0.02832   0.04293    0.0368
   501/599     11.7G   0.01142   0.01536  0.001587   0.02837       320       640    0.6105    0.6844    0.6509    0.5382   0.02826    0.0426   0.03682
   502/599     11.7G   0.01108   0.01433  0.001976   0.02739       269       640     0.626    0.6784    0.6473     0.534   0.02821   0.04234    0.0369
   503/599     11.7G   0.01184   0.01505  0.002124   0.02901       217       640    0.6079    0.6887    0.6481    0.5371   0.02821   0.04213   0.03667
   504/599     11.7G   0.01212    0.0161  0.002031   0.03025       195       640    0.6193    0.6856    0.6541    0.5405   0.02837     0.042   0.03612
   505/599     11.7G   0.01191   0.01553  0.002117   0.02956       274       640    0.5848    0.7165    0.6608    0.5422   0.02844   0.04177   0.03624
   506/599     11.7G   0.01163   0.01648  0.002328   0.03044       286       640    0.5844    0.7141    0.6548     0.541   0.02854    0.0415   0.03613
   507/599     11.7G   0.01085   0.01419  0.001674   0.02672       198       640    0.5889    0.7209    0.6544    0.5355   0.02855   0.04133    0.0368
   508/599     11.7G   0.01176   0.01703  0.001991   0.03078       284       640    0.5876    0.7273    0.6537    0.5345    0.0286   0.04139   0.03791
   509/599     11.7G   0.01177   0.01491  0.001804   0.02848       295       640    0.5786    0.7146    0.6517    0.5344   0.02855   0.04158   0.03798
   510/599     11.7G   0.01107   0.01453  0.001839   0.02744       322       640    0.5864    0.7063    0.6555    0.5377   0.02851   0.04178   0.03767
   511/599     11.7G   0.01289   0.01608  0.002055   0.03103       362       640    0.6375     0.661    0.6597    0.5394   0.02843   0.04204   0.03727
   512/599     11.7G    0.0113   0.01504   0.00145   0.02779       259       640    0.6439    0.6598    0.6564    0.5347   0.02825   0.04224    0.0364
   513/599     11.7G   0.01246   0.01596  0.002145   0.03056       277       640    0.5716    0.7655    0.6645    0.5414   0.02813    0.0425   0.03592
   514/599     11.7G   0.01112   0.01487  0.001408    0.0274       384       640     0.618    0.7233    0.6649    0.5363   0.02802   0.04248   0.03566
   515/599     11.7G   0.01203   0.01618   0.00206   0.03026       292       640    0.6137    0.7127    0.6652    0.5443   0.02791   0.04216   0.03496
   516/599     11.7G   0.01078   0.01502  0.001651   0.02745       265       640    0.6437    0.6748    0.6635    0.5445   0.02784   0.04203   0.03437
   517/599     11.7G   0.01115   0.01405  0.001743   0.02694       261       640    0.6614    0.6795    0.6737    0.5487   0.02791    0.0422   0.03474
   518/599     11.7G   0.01191   0.01565  0.001882   0.02944       334       640    0.6666    0.6643    0.6755    0.5558   0.02812   0.04247   0.03491
   519/599     11.7G   0.01149   0.01589  0.001861   0.02924       299       640    0.6543    0.6658    0.6767    0.5531   0.02827   0.04265   0.03517
   520/599     11.7G   0.01228   0.01605  0.002177    0.0305       233       640    0.5815    0.7739    0.6751    0.5485    0.0286   0.04268   0.03557
   521/599     11.7G   0.01168    0.0155  0.001859   0.02904       272       640    0.5724    0.7774    0.6791     0.555   0.02898   0.04262   0.03611
   522/599     11.7G   0.01109   0.01479  0.001776   0.02766       288       640    0.6013    0.7411    0.6872    0.5555   0.02893   0.04242   0.03582
   523/599     11.7G   0.01088   0.01477  0.001838   0.02749       334       640    0.6462    0.6942    0.6832    0.5534   0.02895   0.04237   0.03571
   524/599     11.7G   0.01135   0.01603   0.00156   0.02894       242       640    0.6623    0.6805    0.6888    0.5582   0.02888   0.04245   0.03572
   525/599     11.7G   0.01193   0.01652  0.002112   0.03056       240       640    0.6593    0.6761     0.687    0.5603   0.02866    0.0426   0.03652
   526/599     11.7G   0.01261   0.01722  0.002199   0.03203       342       640    0.6663    0.6716    0.6818    0.5557    0.0284   0.04259   0.03713
   527/599     11.7G   0.01181   0.01597  0.002155   0.02994       326       640    0.6646    0.6702    0.6756     0.552   0.02832   0.04273   0.03821
   528/599     11.7G   0.01174     0.016  0.001705   0.02945       232       640    0.6411    0.6816    0.6694    0.5455    0.0282   0.04308   0.03952
   529/599     11.7G   0.01143   0.01629  0.001822   0.02954       313       640    0.6076    0.7063    0.6613    0.5423   0.02806   0.04344   0.03969
   530/599     11.7G   0.01139   0.01499  0.001907   0.02829       219       640    0.6048    0.7007    0.6619    0.5423   0.02817   0.04383    0.0398
   531/599     11.7G   0.01153   0.01577  0.001962   0.02926       197       640     0.593    0.7224     0.664    0.5425   0.02831   0.04433   0.03979
   532/599     11.7G   0.01121   0.01287  0.001714   0.02579       197       640    0.5958    0.7193    0.6626    0.5413   0.02846   0.04464   0.03954
   533/599     11.7G   0.01184   0.01459  0.001799   0.02823       315       640    0.5994    0.7148    0.6652     0.542   0.02859   0.04461   0.03955
   534/599     11.7G   0.01095   0.01392  0.001833    0.0267       220       640    0.6521    0.6695    0.6673     0.532   0.02868   0.04435    0.0395
   535/599     11.7G   0.01102   0.01359  0.001695    0.0263       230       640    0.6523    0.6603    0.6679    0.5382   0.02875   0.04415    0.0394
   536/599     11.7G   0.01114   0.01361  0.001684   0.02643       196       640    0.6415    0.6859    0.6713    0.5357   0.02869    0.0439   0.03953
   537/599     11.7G   0.01211   0.01579  0.001932   0.02983       258       640    0.6467    0.6694    0.6693    0.5354   0.02862   0.04379   0.03955
   538/599     11.7G     0.011   0.01518  0.001775   0.02795       348       640    0.6226    0.7038    0.6747    0.5431   0.02854    0.0437   0.03935
   539/599     11.7G   0.01006   0.01253  0.001468   0.02405       238       640    0.6535    0.6743     0.675    0.5406   0.02854   0.04381   0.03896
   540/599     11.7G   0.01077   0.01514   0.00163   0.02754       214       640    0.6487    0.6829    0.6772    0.5402   0.02865   0.04398   0.03833
   541/599     11.7G   0.01143   0.01564  0.001673   0.02874       309       640     0.643    0.6788    0.6813     0.556   0.02869   0.04399   0.03808
   542/599     11.7G   0.01209   0.01612  0.002069   0.03028       261       640    0.6483    0.6712    0.6804    0.5538   0.02867     0.044   0.03792
   543/599     11.7G   0.01113    0.0156    0.0018   0.02852       311       640    0.6494    0.6909     0.681     0.554   0.02869   0.04395   0.03741
   544/599     11.7G   0.01147   0.01502  0.002242   0.02873       219       640    0.6476    0.6917    0.6788    0.5517   0.02874   0.04395   0.03662
   545/599     11.7G   0.01168   0.01565  0.001835   0.02917       245       640    0.6525    0.6848    0.6817    0.5535   0.02882   0.04375   0.03649
   546/599     11.7G   0.01157   0.01746  0.002086   0.03112       312       640    0.6669    0.6697    0.6823    0.5567   0.02889   0.04358   0.03656
   547/599     11.7G   0.01174   0.01503  0.001867   0.02864       220       640    0.6613    0.6685    0.6847    0.5595    0.0289   0.04348   0.03656
   548/599     11.7G   0.01119   0.01609  0.001862   0.02915       306       640    0.6559    0.6687    0.6854    0.5604   0.02887   0.04324   0.03651
   549/599     11.7G   0.01156   0.01492  0.001725    0.0282       190       640     0.654     0.666    0.6883    0.5616   0.02889    0.0431    0.0365
   550/599     11.7G   0.01017   0.01394  0.001468   0.02558       302       640    0.6693    0.6687    0.6887    0.5579   0.02902     0.043   0.03664
   551/599     11.7G   0.01175   0.01675  0.001889   0.03039       369       640    0.6653    0.6714    0.6835    0.5543    0.0291     0.043   0.03682
   552/599     11.7G   0.01111   0.01507  0.001548   0.02772       272       640    0.6697    0.6644    0.6851    0.5561    0.0289   0.04283   0.03666
   553/599     11.7G   0.01079   0.01583  0.001563   0.02818       313       640    0.6475    0.6819    0.6859    0.5556   0.02874   0.04273   0.03695
   554/599     11.7G   0.01123    0.0147  0.001851   0.02778       287       640    0.6499      0.68    0.6806    0.5508   0.02865   0.04277   0.03752
   555/599     11.7G   0.01163   0.01762  0.002107   0.03135       287       640    0.6521    0.6654    0.6777    0.5469   0.02863   0.04315   0.03819
   556/599     11.7G   0.01132    0.0156  0.002024   0.02895       259       640    0.6361    0.6823    0.6769    0.5438   0.02858   0.04331   0.03872
   557/599     11.7G   0.01075   0.01408   0.00169   0.02652       282       640    0.6346    0.6825    0.6749    0.5447   0.02844   0.04326   0.03907
   558/599     11.7G   0.01117   0.01393  0.001671   0.02677       305       640    0.6391    0.6877    0.6716    0.5432   0.02841   0.04313   0.03932
   559/599     11.7G   0.01091   0.01586  0.001598   0.02836       260       640    0.6473    0.6764    0.6693    0.5409   0.02838    0.0432   0.03964
   560/599     11.7G   0.01114   0.01553  0.001576   0.02824       265       640     0.614    0.7118    0.6737    0.5481   0.02843    0.0429   0.03987
   561/599     11.7G   0.01196   0.01625  0.001902   0.03011       353       640    0.6235    0.6926    0.6722     0.545   0.02845    0.0429   0.04014
   562/599     11.7G   0.01049    0.0146  0.001632   0.02672       313       640    0.6332    0.6895    0.6686    0.5431   0.02849   0.04309   0.04063
   563/599     11.7G   0.01089   0.01536  0.001699   0.02795       209       640    0.6199    0.6947    0.6678    0.5411   0.02854   0.04317   0.04073
   564/599     11.7G   0.01123    0.0162  0.001972    0.0294       313       640    0.5872    0.7454    0.6718    0.5401    0.0287   0.04302   0.04065
   565/599     11.7G   0.01059   0.01391  0.001608   0.02611       241       640     0.612    0.7124     0.669    0.5467   0.02873    0.0427   0.04034
   566/599     11.7G   0.01122   0.01443  0.001575   0.02723       337       640    0.6404    0.6716    0.6664    0.5484   0.02868   0.04256      0.04
   567/599     11.7G   0.01179   0.01539  0.001549   0.02873       299       640    0.6706    0.6539    0.6676    0.5502   0.02869   0.04249   0.03977
   568/599     11.7G   0.01175   0.01586  0.002026   0.02964       280       640    0.6692    0.6595    0.6686    0.5529   0.02861   0.04277   0.03975
   569/599     11.7G   0.01131    0.0152  0.001473   0.02799       327       640    0.6448    0.6799    0.6773    0.5523   0.02848   0.04298   0.03998
   570/599     11.7G   0.01195   0.01658  0.001952   0.03047       349       640    0.6638    0.6603    0.6692    0.5469   0.02849   0.04309   0.04044
   571/599     11.7G   0.01178   0.01645  0.002216   0.03045       284       640    0.6307    0.6775    0.6667    0.5438   0.02842   0.04299   0.04096
   572/599     11.7G   0.01066   0.01389  0.001523   0.02607       268       640    0.6143    0.6739    0.6661     0.539   0.02822   0.04287   0.04171
   573/599     11.7G   0.01175   0.01675  0.001868   0.03037       287       640    0.6123    0.6761    0.6672    0.5392   0.02806   0.04309   0.04188
   574/599     11.7G   0.01107   0.01509  0.001892   0.02805       304       640    0.5532    0.7652    0.6674    0.5387   0.02792    0.0433    0.0421
   575/599     11.7G   0.01131   0.01661  0.001904   0.02983       292       640     0.561    0.7553    0.6664    0.5349   0.02791   0.04354   0.04212
   576/599     11.7G    0.0112   0.01522  0.001801   0.02822       206       640    0.6221     0.673    0.6675    0.5385     0.028   0.04374   0.04181
   577/599     11.7G   0.01044   0.01431   0.00185    0.0266       391       640     0.625    0.6774    0.6662    0.5385   0.02805   0.04341   0.04142
   578/599     11.7G   0.01104   0.01285  0.001495   0.02538       193       640    0.6089    0.6877    0.6618    0.5361   0.02816    0.0434   0.04108
   579/599     11.7G   0.01115   0.01585  0.001969   0.02897       404       640    0.5906    0.7073    0.6535     0.539   0.02826   0.04327    0.0407
   580/599     11.7G   0.01151   0.01524  0.001986   0.02873       271       640    0.5757    0.7207    0.6509    0.5346   0.02843   0.04346   0.04025
   581/599     11.7G   0.01173   0.01473  0.001742    0.0282       258       640    0.5898    0.6919    0.6501    0.5335   0.02851   0.04353   0.04022
   582/599     11.7G     0.011   0.01416  0.001746    0.0269       309       640    0.6056    0.6675    0.6471    0.5322   0.02862   0.04357    0.0401
   583/599     11.7G   0.01099   0.01515  0.001802   0.02794       230       640    0.6036    0.6761    0.6491    0.5331   0.02871   0.04365   0.04009
   584/599     11.7G   0.01163   0.01551  0.001855   0.02899       275       640    0.6201    0.6763    0.6529    0.5332   0.02869   0.04367   0.04009
   585/599     11.7G   0.01077   0.01478  0.001642   0.02719       266       640    0.5754    0.7493    0.6557    0.5338   0.02868    0.0438   0.04034
   586/599     11.7G   0.01113   0.01494  0.001948   0.02802       214       640    0.5673    0.7605    0.6581    0.5346   0.02874   0.04408   0.04043
   587/599     11.7G   0.01098   0.01543  0.001724   0.02813       266       640    0.5739    0.7476    0.6576    0.5326   0.02881   0.04429   0.04029
   588/599     11.7G   0.01116   0.01429  0.001612   0.02707       263       640    0.5845    0.7218    0.6576    0.5386   0.02898   0.04449   0.03997
   589/599     11.7G   0.01143   0.01534  0.001842   0.02861       181       640    0.5908    0.7223    0.6622    0.5433   0.02901   0.04427   0.03959
   590/599     11.7G   0.01028   0.01415  0.001647   0.02607       254       640    0.5914    0.7207    0.6634    0.5449   0.02908   0.04412   0.03933
   591/599     11.7G   0.01096   0.01462  0.001656   0.02724       340       640    0.5938    0.7341    0.6661    0.5406   0.02911   0.04402   0.03934
   592/599     11.7G    0.0114   0.01537  0.002261   0.02903       286       640    0.5897    0.7425    0.6682    0.5408   0.02899   0.04356   0.03931
   593/599     11.7G   0.01157   0.01604  0.001826   0.02944       280       640    0.5918    0.7382    0.6697    0.5429   0.02889   0.04312   0.03896
   594/599     11.7G    0.0113   0.01587  0.001877   0.02906       214       640    0.5945    0.7393     0.671    0.5446   0.02883   0.04301   0.03867
   595/599     11.7G   0.01116   0.01614  0.001797   0.02909       243       640    0.5811    0.7597    0.6689    0.5405   0.02887   0.04319   0.03867
   596/599     11.7G   0.01204   0.01559  0.002307   0.02994       362       640    0.6005    0.7148    0.6633    0.5422   0.02892   0.04338   0.03902
   597/599     11.7G    0.0113   0.01612  0.001695   0.02912       302       640    0.6009    0.7108    0.6667    0.5449   0.02891   0.04352   0.03934
   598/599     11.7G   0.01113   0.01408  0.001741   0.02695       213       640    0.5949    0.7139    0.6657    0.5422   0.02889   0.04364   0.03969
   599/599     11.7G   0.01096   0.01491  0.001639   0.02751       352       640    0.5892    0.7233    0.6704    0.5393    0.0288   0.04357   0.03982
