     0/399     13.4G   0.08086   0.03535   0.04512    0.1613       289       640  0.003478   0.06175  0.001134 0.0002127     0.111   0.03839   0.04749
     1/399     14.3G   0.07972   0.03217   0.04493    0.1568       283       640  0.003319  0.005418  0.000608 8.594e-05    0.1073   0.03799   0.04715
     2/399     11.5G   0.07676    0.0345   0.04466    0.1559       365       640  0.003529  0.003917 0.0006276 0.0001404     0.104   0.03835   0.04675
     3/399     11.5G   0.07397   0.03665   0.04402    0.1546       201       640   0.01066  0.008748  0.002229 0.0003076    0.1004   0.03935   0.04635
     4/399     12.9G   0.07152    0.0361   0.04364    0.1513       262       640  0.003704    0.1066  0.001995 0.0004259   0.09731   0.04019    0.0461
     5/399     12.9G   0.07071   0.03487   0.04285    0.1484       220       640  0.006392   0.04024  0.004164 0.0007991   0.09536   0.04034   0.04567
     6/399     12.9G   0.06916   0.03575   0.04233    0.1472       310       640    0.0187   0.03643  0.008192  0.001986   0.09332   0.04052   0.04518
     7/399     12.9G   0.06549   0.03722   0.04136    0.1441       222       640   0.07702   0.04976   0.01646  0.004225   0.09063   0.04079   0.04465
     8/399     12.9G   0.06444   0.03797   0.04073    0.1431       234       640   0.08709   0.07757   0.03143  0.007377   0.08788   0.04099   0.04436
     9/399     12.9G   0.06239   0.04072   0.03956    0.1427       312       640    0.3259   0.06038   0.03839  0.009536   0.08576   0.04127   0.04402
    10/399     12.9G   0.06049   0.03722   0.03885    0.1366       242       640    0.4099   0.06487   0.04644   0.01292   0.08359   0.04166   0.04359
    11/399     12.9G   0.05867   0.04227   0.03737    0.1383       324       640    0.4085   0.07523   0.05134   0.01542    0.0821   0.04171    0.0432
    12/399     12.9G   0.05637   0.04074   0.03653    0.1336       322       640    0.3424    0.0965    0.0576   0.02157   0.07986   0.04192   0.04282
    13/399     12.9G   0.05475    0.0393   0.03607    0.1301       263       640    0.3817    0.1221   0.07609   0.02679   0.07909   0.04117   0.04237
    14/399     12.9G   0.05367   0.03749   0.03584     0.127       319       640     0.408    0.1221   0.08709   0.03577    0.0759   0.04136   0.04201
    15/399     12.9G    0.0525   0.04173   0.03475     0.129       387       640     0.357    0.1784   0.09218   0.03767   0.07448   0.04155   0.04172
    16/399     12.9G   0.05098   0.03997   0.03405     0.125       276       640    0.5516    0.1123    0.1012   0.04551   0.07077   0.04126   0.04137
    17/399     12.9G   0.04928   0.04025    0.0337    0.1232       280       640    0.5336    0.1437    0.1087   0.05473   0.07142   0.03989   0.04109
    18/399     12.9G   0.04805   0.03822   0.03255    0.1188       278       640    0.5962    0.1276   0.09268   0.02728   0.07215   0.03977     0.041
    19/399     12.9G   0.05403   0.03699   0.03362    0.1246       255       640    0.6297    0.1118    0.1043   0.03562   0.07293   0.03904   0.04079
    20/399     12.9G   0.05009   0.03752   0.03351    0.1211       237       640    0.6211    0.1071   0.09838   0.03257   0.07105   0.03901   0.04029
    21/399     12.9G   0.05196   0.03735   0.03225    0.1216       351       640    0.6161    0.1305    0.1213   0.05175   0.07173   0.03767   0.04003
    22/399     12.9G   0.05036   0.03537   0.03202    0.1178       199       640    0.6165     0.144    0.1339   0.05691   0.07027   0.03779   0.03965
    23/399     12.9G   0.05081   0.04074   0.03083    0.1224       330       640    0.1569    0.3852    0.1557   0.07178   0.06885   0.03747   0.03946
    24/399     12.9G   0.04777   0.03644   0.03064    0.1148       280       640    0.2229    0.3067    0.1467    0.0522   0.07226   0.03657   0.03934
    25/399     12.9G   0.05058   0.03718   0.03176    0.1195       291       640    0.2893     0.337    0.1937   0.08279   0.06668   0.03659   0.03912
    26/399     12.9G    0.0482   0.03678   0.03058    0.1156       232       640     0.704    0.1974    0.1997   0.09383   0.06161   0.03767   0.03886
    27/399     12.9G   0.04837   0.03543   0.03055    0.1144       231       640    0.3196    0.3487    0.2052   0.06508   0.06323    0.0371   0.03849
    28/399     12.9G   0.04748   0.03348   0.03068    0.1116       197       640    0.2537    0.3488       0.2   0.07101   0.06301    0.0366   0.03807
    29/399     12.9G   0.04725    0.0356   0.02992    0.1128       257       640    0.1797    0.4724    0.2357    0.1014    0.0599   0.03652   0.03764
    30/399     12.9G   0.04477   0.03667   0.02915    0.1106       307       640     0.557    0.2376    0.2344    0.1098   0.06053   0.03556   0.03732
    31/399     12.9G    0.0464   0.03548   0.02952    0.1114       247       640    0.4354    0.3183    0.2101   0.07157   0.05992   0.03552   0.03705
    32/399     12.9G   0.04534   0.03364   0.02938    0.1084       284       640    0.3415    0.4022    0.2683    0.1162   0.05779   0.03548   0.03669
    33/399     12.9G   0.04588    0.0345   0.02918    0.1096       310       640    0.3615    0.4994    0.3058    0.1585   0.05573   0.03459   0.03632
    34/399     12.9G   0.04248   0.03647   0.02838    0.1073       300       640    0.1954    0.4867    0.1531   0.06672    0.0726   0.03002   0.03582
    35/399     12.9G   0.05113   0.03156   0.02944    0.1121       245       640    0.4982    0.2694    0.1842   0.07852    0.0679   0.03277   0.03538
    36/399     12.9G   0.04597   0.03289   0.02915     0.108       334       640    0.5058     0.377    0.2309   0.09849   0.06331   0.03516   0.03504
    37/399     12.9G   0.04485   0.03724   0.02781    0.1099       301       640    0.5632    0.3526    0.2836    0.1282    0.0557   0.03541    0.0347
    38/399     12.9G   0.04199   0.03794   0.02756    0.1075       251       640    0.3626    0.5689    0.3053    0.1535   0.05555   0.03379    0.0345
    39/399     12.9G   0.04173   0.03796   0.02628     0.106       325       640    0.5468    0.3716    0.3341    0.1815   0.05284   0.03283   0.03431
    40/399     12.9G   0.04088   0.03347   0.02786    0.1022       294       640    0.5182    0.3229     0.246    0.1098   0.06143   0.03084   0.03385
    41/399     12.9G   0.04573   0.03281    0.0273    0.1058       201       640    0.5678    0.3851    0.3319    0.1788   0.05646    0.0315   0.03351
    42/399     12.9G   0.03896   0.03436   0.02667   0.09999       261       640    0.5058    0.4301    0.3018    0.1711   0.05683    0.0321   0.03316
    43/399     12.9G   0.04212   0.03437   0.02634    0.1028       296       640    0.5149    0.3821    0.3093    0.1531   0.05711   0.03314   0.03281
    44/399     12.9G   0.04192   0.03598   0.02586    0.1038       281       640    0.5405     0.455    0.3597    0.1828   0.05279   0.03033   0.03264
    45/399     12.9G   0.04115   0.03293   0.02425   0.09833       235       640    0.5853    0.3768     0.339    0.1703   0.05067   0.03136   0.03253
    46/399     12.9G   0.03921   0.03618   0.02403   0.09942       232       640    0.5532    0.4358    0.3759    0.2017   0.04971   0.03078   0.03259
    47/399     12.9G   0.03756   0.03632   0.02411   0.09798       290       640    0.5279    0.4642    0.3643    0.1748   0.04902    0.0304   0.03233
    48/399     12.9G    0.0384   0.03483   0.02466   0.09788       285       640    0.6548    0.3567      0.36    0.1914   0.04909   0.03078   0.03204
    49/399     12.9G   0.03891   0.03333    0.0242   0.09644       219       640    0.5863    0.4599     0.398    0.2133   0.04729   0.03051    0.0317
    50/399     12.9G   0.03761   0.03293   0.02444   0.09498       191       640    0.2905     0.711    0.3696    0.1993   0.04834   0.03083   0.03126
    51/399     12.9G   0.03764   0.03267   0.02341   0.09372       317       640    0.5801    0.4063    0.3881     0.197   0.04468   0.03092   0.03076
    52/399     12.9G   0.03705   0.03182   0.02345   0.09232       226       640    0.5631    0.5278    0.3904    0.2145   0.04634   0.03022   0.03066
    53/399     12.9G   0.03491   0.03333   0.02276     0.091       288       640     0.595    0.5525    0.4372    0.2871   0.04211   0.02976   0.03062
    54/399     12.9G   0.03631   0.03287   0.02178   0.09096       221       640    0.5835    0.4792    0.3972    0.2029   0.04795   0.02987    0.0305
    55/399     12.9G   0.03424   0.03198   0.02253   0.08875       226       640    0.5929    0.4825    0.4055     0.244   0.04324   0.02927   0.03019
    56/399     12.9G   0.03428   0.03373   0.02218   0.09019       193       640    0.5477       0.5    0.3781     0.203   0.05125   0.02804   0.03009
    57/399     12.9G   0.04279   0.03091    0.0229   0.09661       236       640    0.5242    0.3989    0.3306    0.1669   0.06255   0.02598   0.02982
    58/399     10.9G   0.04492   0.02695   0.02333    0.0952       190       640    0.4574    0.5062    0.3402    0.1558   0.06833    0.0274    0.0298
    59/399     12.3G   0.04502   0.02968    0.0238   0.09849       281       640    0.5003    0.4398    0.3587    0.1649   0.07212   0.02663   0.03026
    60/399     12.3G   0.04644   0.02725   0.02397   0.09766       231       640    0.5776    0.4751     0.374    0.2027   0.07152   0.02666   0.03028
    61/399     12.3G   0.04451   0.02725   0.02444    0.0962       211       640    0.5944    0.4059    0.3914    0.1614   0.07099   0.02746   0.02994
    62/399     12.3G    0.0428   0.02844   0.02355   0.09479       290       640    0.5684    0.5036    0.4083    0.1969   0.06663   0.02759   0.02963
    63/399     12.3G   0.04104   0.02539   0.02278   0.08921       287       640    0.6048    0.4889    0.4116    0.2674    0.0599   0.02844   0.02956
    64/399     12.3G   0.03945    0.0285   0.02341   0.09136       317       640    0.5675    0.4569    0.3615    0.1927   0.06667   0.02789   0.02926
    65/399     12.3G   0.04328   0.02672    0.0238    0.0938       248       640    0.5198    0.5455    0.3694    0.2188   0.06919   0.02881   0.02917
    66/399     12.3G    0.0428    0.0284   0.02345   0.09464       270       640    0.5288    0.4917     0.394    0.2389   0.06606   0.02719    0.0292
    67/399     12.3G   0.04287   0.02972   0.02322   0.09581       388       640    0.5254    0.4542     0.401    0.2101   0.06277   0.02809   0.02936
    68/399     12.3G   0.03814   0.02946   0.02336   0.09096       277       640    0.5122    0.5735    0.3895    0.2098   0.06044   0.02801    0.0291
    69/399     12.3G   0.03764   0.03061   0.02251   0.09076       239       640    0.5447    0.5273    0.4031    0.2464   0.05721   0.02778   0.02882
    70/399     12.3G   0.03808   0.03126   0.02229   0.09163       285       640     0.556    0.5161     0.415    0.2315   0.05479   0.02883   0.02866
    71/399     12.3G   0.03493   0.03233   0.02222   0.08949       274       640    0.5692    0.5562    0.4484     0.299   0.04799   0.03017   0.02852
    72/399     12.3G   0.03604   0.03538   0.02043   0.09185       206       640    0.5838     0.502    0.4329    0.2447    0.0485   0.03027   0.02825
    73/399     12.3G   0.03683   0.03207   0.02024   0.08914       334       640    0.5434    0.6019    0.4411    0.2675    0.0491   0.03118   0.02782
    74/399     12.3G   0.03272   0.03156   0.02054   0.08482       270       640    0.5809    0.6132    0.4451    0.2917   0.04741   0.03153   0.02752
    75/399     12.3G   0.03297   0.03324   0.01935   0.08556       279       640    0.5655    0.6238    0.4519    0.2905   0.04702   0.03102   0.02718
    76/399     12.3G   0.03387   0.03206   0.02001   0.08593       202       640    0.5785      0.61    0.4339    0.2833   0.04492   0.03149   0.02697
    77/399     12.3G   0.03271   0.03209   0.02051   0.08532       274       640    0.5823    0.5925    0.4554    0.3129   0.04372   0.03115   0.02684
    78/399     12.3G   0.03254   0.03102    0.0192   0.08277       247       640    0.6872    0.4768    0.4838     0.291   0.04553   0.03027   0.02638
    79/399     12.3G   0.03302    0.0318    0.0191   0.08392       273       640    0.3639    0.7196    0.4711    0.2994   0.04506   0.03035   0.02616
    80/399     12.3G   0.03126   0.03273   0.01918   0.08317       301       640    0.3528     0.739    0.4936     0.321   0.04441    0.0301   0.02591
    81/399     12.3G   0.03089   0.02781   0.01892   0.07762       337       640      0.36    0.7122    0.5052    0.3552   0.04514   0.03087   0.02582
    82/399     12.3G   0.03164   0.03272   0.01886   0.08323       304       640    0.3531    0.7199    0.4998    0.3223   0.04508   0.03013   0.02568
    83/399     12.3G   0.03226   0.03017   0.01833   0.08075       284       640     0.341    0.7541    0.4995    0.3287   0.04106   0.03129   0.02559
    84/399     12.3G   0.02779   0.03122   0.01786   0.07686       217       640    0.4281    0.6992    0.4945    0.3478   0.03908   0.03052    0.0256
    85/399     12.3G   0.02773   0.02954   0.01807   0.07533       328       640    0.3379     0.784    0.5122    0.3448   0.04074   0.03026   0.02533
    86/399     12.3G   0.02959   0.03194   0.01802   0.07954       316       640    0.3528     0.758    0.5159    0.3625   0.04044   0.03054   0.02526
    87/399     12.3G   0.02878   0.03288   0.01682   0.07848       296       640    0.4398    0.7089    0.5225    0.3456   0.04098   0.03057   0.02516
    88/399     12.3G   0.03158   0.02833   0.01685   0.07676       339       640    0.3558    0.7615    0.5091     0.347   0.04081   0.03189   0.02522
    89/399     12.3G   0.03093   0.03268   0.01767   0.08128       302       640    0.3619    0.7734    0.5159    0.3617   0.03885   0.03101   0.02498
    90/399     12.3G   0.02896   0.03129   0.01635   0.07659       282       640    0.4253    0.7641    0.5332    0.3525   0.03962   0.03076   0.02501
    91/399     12.3G   0.03038    0.0294   0.01632    0.0761       275       640    0.4381    0.7275    0.5314    0.3742   0.03939   0.03245   0.02492
    92/399     12.3G   0.02922   0.03085   0.01621   0.07628       314       640    0.3659    0.7645     0.516    0.2945   0.04602   0.03005   0.02498
    93/399     12.3G   0.03748   0.03022     0.017    0.0847       317       640    0.3566    0.7628    0.5348     0.366   0.04827   0.02889    0.0249
    94/399     12.3G   0.03061    0.0296   0.01687   0.07708       193       640    0.3336    0.7935    0.5437    0.3833   0.04681   0.02766   0.02474
    95/399     12.3G   0.02798    0.0284   0.01708   0.07346       363       640    0.3607    0.7968    0.5617    0.4022   0.04734   0.02727   0.02479
    96/399     12.3G   0.02786    0.0287    0.0164   0.07296       204       640    0.3986    0.8007    0.5383    0.3745   0.04842   0.02831   0.02468
    97/399     12.3G   0.03035   0.02874   0.01557   0.07466       344       640    0.3683     0.844    0.5278    0.3772   0.04587   0.02787   0.02438
    98/399     12.3G   0.02737   0.02923     0.016    0.0726       269       640    0.4027    0.8528    0.5563    0.4099   0.04277   0.02782   0.02424
    99/399     12.3G    0.0253   0.02992   0.01591   0.07113       207       640    0.4523    0.7577    0.5615    0.3983   0.04368   0.02734   0.02411
   100/399     12.3G   0.02803   0.03358   0.01553   0.07714       242       640    0.4268     0.771    0.5487    0.3779   0.04561   0.02701   0.02405
   101/399     12.3G   0.03111   0.02713   0.01555   0.07379       225       640    0.4332    0.7837    0.5544     0.354   0.05126   0.02643   0.02382
   102/399     12.3G   0.02943   0.03039   0.01508    0.0749       212       640    0.4026    0.8357    0.5526    0.4003   0.04555   0.02695   0.02372
   103/399     12.3G    0.0258   0.03243   0.01489   0.07312       290       640     0.416    0.8594     0.546    0.4041   0.04342   0.02833   0.02369
   104/399     12.3G   0.02682   0.02711   0.01533   0.06926       232       640    0.4374    0.7804    0.5291    0.3891   0.04625   0.02986   0.02428
   105/399     12.3G   0.03031   0.02852   0.01409   0.07293       262       640    0.4162     0.885    0.5563    0.3609   0.04965   0.02872   0.02341
   106/399     12.3G   0.02888   0.03108   0.01411   0.07407       351       640    0.4414    0.7528    0.5736    0.4118   0.04505   0.02875   0.02334
   107/399     12.3G   0.02487   0.03168   0.01429   0.07084       321       640    0.4754    0.8148     0.593    0.4299   0.04173   0.02898   0.02351
   108/399     12.3G   0.02488   0.02637   0.01445    0.0657       221       640    0.4782    0.7688    0.5746    0.4247    0.0422   0.03148   0.02375
   109/399     12.3G   0.02588    0.0292   0.01431   0.06939       210       640    0.4769    0.8081    0.5855    0.4272   0.04045   0.02967   0.02332
   110/399     12.3G   0.02454   0.03018   0.01331   0.06803       224       640    0.4968    0.7601    0.5769    0.4159   0.04039   0.02864   0.02348
   111/399     12.3G   0.02334   0.02801   0.01312   0.06448       282       640    0.4368    0.8435    0.5671    0.4301   0.04046   0.02813   0.02356
   112/399     12.3G   0.02429   0.02851   0.01253   0.06532       258       640    0.4723    0.7635    0.5684    0.4107   0.04119   0.02823   0.02348
   113/399     12.3G   0.02594   0.03001   0.01254   0.06848       259       640    0.4779    0.7704    0.5778    0.4194   0.03992   0.02811    0.0235
   114/399     12.3G   0.02477   0.02977   0.01224   0.06678       260       640    0.5357    0.7234    0.6017    0.4406   0.03865    0.0275   0.02344
   115/399     12.3G   0.02311   0.02861   0.01323   0.06495       290       640    0.5181    0.7741    0.6058    0.4506   0.03894   0.02818   0.02354
   116/399     12.3G   0.02399   0.02962   0.01184   0.06545       272       640    0.6009    0.7598    0.6194    0.4428   0.04042   0.02947   0.02338
   117/399     12.3G   0.02637    0.0309   0.01232   0.06959       352       640    0.4971     0.787    0.6036    0.4369   0.04169   0.02967    0.0233
   118/399     12.3G   0.02393   0.02841   0.01244   0.06478       263       640    0.5094    0.7763     0.617    0.4636   0.04088   0.02927   0.02333
   119/399     12.3G   0.02273   0.02821   0.01226    0.0632       251       640    0.4849    0.8476    0.6032     0.438   0.04106   0.02942   0.02344
   120/399     12.3G   0.02571   0.03125    0.0119   0.06886       337       640    0.4698    0.8332    0.6019    0.4216   0.04073    0.0297    0.0237
   121/399     12.3G   0.02803   0.02843   0.01196   0.06842       322       640    0.4904    0.8066    0.6017    0.4298   0.03899   0.03128   0.02365
   122/399     12.3G   0.02437   0.02908   0.01143   0.06488       270       640    0.5113    0.8499    0.6093    0.4378   0.03758   0.02984   0.02371
   123/399     12.3G    0.0239   0.02823    0.0119   0.06403       242       640    0.5367    0.7769    0.6089    0.4422   0.03816    0.0298   0.02371
   124/399     12.3G   0.02437   0.02962   0.01113   0.06512       226       640    0.5047    0.8056    0.5975      0.45   0.03723   0.02849   0.02368
   125/399     12.3G   0.02287   0.02719   0.01115   0.06121       278       640    0.5048    0.7911    0.6155    0.4631   0.03632   0.02963   0.02366
   126/399     12.3G   0.02302    0.0292   0.01132   0.06354       342       640     0.516    0.8152    0.6264    0.4625   0.03544      0.03   0.02362
   127/399     12.3G   0.02105   0.02793   0.01086   0.05983       277       640    0.5232    0.8251     0.635    0.4763   0.03579    0.0306   0.02348
   128/399     12.3G   0.02337   0.02994   0.01104   0.06435       236       640    0.5855    0.7954    0.6237    0.4717   0.03562   0.03122   0.02335
   129/399     12.3G   0.02402   0.02753   0.01004    0.0616       218       640    0.5035    0.8046    0.6186     0.459   0.03823   0.03095   0.02338
   130/399     12.3G   0.02253   0.02786   0.01098   0.06137       259       640    0.5267     0.805    0.6256    0.4726   0.03477   0.03117   0.02333
   131/399     12.3G   0.02147   0.02807   0.01113   0.06067       210       640    0.5273    0.8407    0.6388    0.4842   0.03459   0.03146    0.0231
   132/399     12.3G   0.02256   0.02764   0.01089   0.06109       189       640    0.5335    0.8078    0.6268    0.4735   0.03501   0.03255   0.02302
   133/399     12.3G   0.02344   0.03005   0.01016   0.06365       390       640    0.5481     0.796    0.6234    0.4615    0.0362   0.03314   0.02297
   134/399     12.3G   0.02233   0.02939   0.01046   0.06218       197       640    0.5239    0.8127    0.6274    0.4679   0.03535   0.03368   0.02306
   135/399     12.3G   0.02178   0.03268   0.01062   0.06508       320       640    0.5735    0.7688    0.6295    0.4731    0.0348   0.03295   0.02305
   136/399     12.3G   0.02221   0.02709   0.01011   0.05941       205       640    0.5591    0.8109    0.6334    0.4739    0.0344   0.03303   0.02314
   137/399     12.3G   0.02314   0.02654  0.009344   0.05902       335       640    0.5564    0.8204    0.6237    0.4715   0.03411   0.03299   0.02311
   138/399     12.3G   0.02133   0.02747  0.009716   0.05852       267       640    0.5373    0.8429     0.629    0.4873   0.03254   0.03291   0.02307
   139/399     12.3G   0.02071   0.02513   0.01022   0.05606       272       640    0.5462     0.847    0.6385    0.4937   0.03242     0.033    0.0232
   140/399     12.3G   0.02124   0.02726   0.00923   0.05772       309       640    0.5418    0.8604    0.6233    0.4734   0.03347    0.0333   0.02319
   141/399     12.3G    0.0241   0.02881  0.008986    0.0619       258       640    0.5519    0.8293    0.6242    0.4724   0.03463   0.03307   0.02322
   142/399     12.3G    0.0213   0.02754  0.009563   0.05841       282       640    0.5301    0.8569    0.6194    0.4752   0.03353   0.03369   0.02328
   143/399     12.3G   0.02091    0.0286  0.009752   0.05926       252       640    0.5477    0.8204    0.6209    0.4815   0.03203   0.03318   0.02296
   144/399     12.3G   0.02222   0.02814  0.009449   0.05982       285       640    0.5556    0.7983    0.6206    0.4868   0.03288   0.03288   0.02268
   145/399     12.3G    0.0227   0.02638   0.01007   0.05916       238       640    0.5769    0.8019    0.6173      0.48   0.03101   0.03415   0.02267
   146/399     12.3G   0.02057   0.02927  0.009613   0.05945       190       640    0.5748    0.7937     0.629    0.4891   0.03142   0.03334   0.02275
   147/399     12.3G   0.01931   0.02708  0.008932   0.05532       254       640     0.542    0.8148    0.6175    0.4794    0.0319   0.03306   0.02273
   148/399     12.3G   0.02139   0.02738   0.00946   0.05823       350       640    0.6064    0.7764    0.6239    0.4706    0.0332   0.03262   0.02241
   149/399     12.3G   0.02211    0.0288  0.009096   0.06001       280       640    0.5741    0.8439    0.6184    0.4733   0.03211   0.03263   0.02222
   150/399     12.3G   0.02067   0.02805  0.009127   0.05784       237       640    0.5685     0.864    0.6245    0.4766   0.03257   0.03273   0.02214
   151/399     12.3G   0.01988   0.02823  0.009148   0.05726       234       640    0.5716    0.8604    0.6372      0.49    0.0317   0.03342   0.02199
   152/399     12.3G   0.02103   0.02873  0.009199   0.05897       261       640    0.5791    0.8408    0.6366    0.4961   0.03119   0.03305    0.0218
   153/399     12.3G   0.02268   0.02788  0.008704   0.05926       298       640    0.5571    0.8446    0.6331    0.4949   0.03108   0.03252   0.02187
   154/399     12.3G   0.02051    0.0251  0.009132   0.05474       232       640    0.5787      0.82    0.6359    0.5049    0.0296   0.03181   0.02204
   155/399     12.3G   0.01924   0.02917  0.008511   0.05692       202       640    0.5652    0.8511    0.6313    0.4971   0.03008   0.03273   0.02209
   156/399     12.3G   0.01976   0.02637  0.008886   0.05501       222       640    0.5693    0.8229    0.6314     0.496   0.02955   0.03341   0.02232
   157/399     12.3G   0.02164   0.02815  0.008752   0.05855       357       640    0.5839    0.7955     0.624    0.4848   0.03019   0.03231   0.02229
   158/399     12.3G   0.01948   0.02542  0.008048   0.05295       261       640    0.5847     0.805    0.6366    0.4919   0.03038     0.032   0.02241
   159/399     12.3G   0.01868   0.02505  0.008046   0.05177       241       640    0.5805    0.7888    0.6184    0.4795   0.03011    0.0324   0.02245
   160/399     12.3G   0.01973   0.02795  0.008519   0.05619       190       640    0.5754    0.8432    0.6447    0.5044   0.03093   0.03191   0.02231
   161/399     12.3G   0.02234   0.02915  0.008268   0.05975       313       640    0.5796    0.8567    0.6611    0.5074   0.03152   0.03248   0.02219
   162/399     12.3G   0.02116   0.02835   0.00861   0.05813       267       640    0.5702    0.8404    0.6546    0.4996   0.03192   0.03293   0.02232
   163/399     12.3G   0.02016   0.03005  0.008601   0.05881       333       640    0.5656    0.8013    0.6371    0.5024   0.03158   0.03285   0.02235
   164/399     12.3G   0.02116   0.02696  0.008335   0.05646       356       640    0.5855    0.8048    0.6512    0.4979   0.03129   0.03243   0.02228
   165/399     12.3G   0.02072   0.02697   0.00855   0.05624       297       640    0.5935    0.8369    0.6687    0.5221   0.03115   0.03179   0.02216
   166/399     12.3G   0.02083     0.028  0.007855   0.05669       283       640    0.5885    0.8501    0.6745    0.5284   0.03095   0.03199     0.022
   167/399     12.3G   0.01921   0.02545  0.007775   0.05244       281       640    0.5985    0.8473    0.6714    0.5238   0.03074   0.03143   0.02198
   168/399     12.3G   0.02167    0.0249  0.007762   0.05433       285       640    0.5933    0.8577    0.6631    0.5182   0.03112   0.03208   0.02211
   169/399     12.3G   0.02053   0.02696   0.00853   0.05602       297       640    0.5929    0.8101    0.6568    0.5078    0.0308   0.03286   0.02224
   170/399     12.3G   0.01972   0.02777  0.008339   0.05583       345       640    0.5814    0.7955     0.666    0.5148   0.03018   0.03231   0.02234
   171/399     12.3G   0.01849   0.02767  0.008265   0.05443       210       640    0.5841    0.8461    0.6831    0.5281   0.02921   0.03057   0.02241
   172/399     12.3G   0.01931   0.02925  0.007941    0.0565       278       640    0.5715    0.8877     0.662    0.5044   0.02979   0.03116   0.02235
   173/399     12.3G   0.01981    0.0285   0.00796   0.05628       334       640    0.5799    0.8934    0.6733    0.5182   0.02943   0.03156    0.0223
   174/399     12.3G   0.01907   0.02748   0.00791   0.05446       261       640    0.6121    0.8254     0.679    0.5215   0.02889   0.03114   0.02257
   175/399     12.3G    0.0181   0.02505  0.007804   0.05096       199       640    0.5946    0.8596     0.676     0.524   0.02855   0.03083   0.02265
   176/399     12.3G   0.01927   0.02632  0.008107    0.0537       277       640    0.5813     0.881     0.687    0.5406   0.02914   0.03062   0.02246
   177/399     12.3G   0.01988   0.02671  0.007645   0.05424       320       640    0.5903    0.8928    0.6901     0.548   0.02903   0.03141   0.02241
   178/399     12.3G   0.01913    0.0271  0.007463   0.05369       376       640    0.5778    0.9031    0.6875    0.5432   0.02811   0.03192   0.02238
   179/399     12.3G   0.01762   0.02429  0.007927   0.04984       284       640    0.5671    0.9069    0.6867    0.5382   0.02728   0.03263   0.02241
   180/399     12.3G   0.01775   0.02728  0.007175   0.05221       299       640    0.5934    0.8515    0.6815    0.5199   0.02806   0.03292   0.02229
   181/399     12.3G   0.01951   0.02719  0.007764   0.05446       345       640    0.5766    0.8612    0.6775    0.5203   0.02859   0.03232   0.02221
   182/399     12.3G   0.01903   0.02755  0.007767   0.05435       320       640    0.5888     0.841    0.6708    0.5139   0.02834   0.03137   0.02218
   183/399     12.3G   0.01836   0.02601  0.007532    0.0519       307       640    0.5861    0.8571    0.6588    0.5187   0.02847   0.03125   0.02216
   184/399     12.3G    0.0183   0.02571  0.007382   0.05139       254       640     0.585     0.864    0.6457     0.507   0.02865   0.03106   0.02212
   185/399     12.3G   0.01966   0.02656  0.007563   0.05378       303       640    0.5685    0.8726    0.6513    0.5165   0.02832   0.03116    0.0221
   186/399     12.3G   0.01839   0.02527   0.00757   0.05123       288       640    0.5645    0.8783    0.6507    0.5113   0.02865   0.03094   0.02214
   187/399     12.3G   0.01769   0.02707  0.007823   0.05259       314       640    0.5568     0.896    0.6535    0.5114   0.02797   0.03023   0.02206
   188/399     12.3G   0.01777   0.02696  0.007471    0.0522       287       640    0.6016    0.8545    0.6525    0.5044   0.02821   0.03035   0.02221
   189/399     12.3G   0.01939   0.02661  0.007502    0.0535       287       640    0.5981    0.8513    0.6514    0.5017   0.02878   0.03055    0.0224
   190/399     12.3G   0.01819   0.02574  0.007769    0.0517       208       640    0.5665    0.8562     0.642     0.502   0.02841   0.03058   0.02246
   191/399     12.3G   0.01762   0.02686   0.00779   0.05227       282       640    0.5626    0.9016    0.6525    0.5121   0.02774   0.03031   0.02255
   192/399     12.3G   0.01753   0.02638  0.007273   0.05118       263       640    0.5919    0.8778    0.6726    0.5261   0.02748   0.03016   0.02255
   193/399     12.3G   0.01898   0.02621  0.007587   0.05277       258       640    0.6205    0.8447    0.6806    0.5291   0.02782   0.03036   0.02236
   194/399     12.3G   0.01749   0.02726   0.00734   0.05209       299       640    0.6036    0.8993    0.6853    0.5374   0.02735   0.03029   0.02214
   195/399     12.3G   0.01749    0.0262  0.007177   0.05087       272       640    0.6206    0.8466    0.6934    0.5444   0.02774   0.03115     0.022
   196/399     12.3G   0.01761   0.02435  0.007326   0.04929       220       640    0.6091    0.9072    0.6921    0.5428   0.02854   0.03181   0.02188
   197/399     12.3G    0.0183    0.0261  0.006936   0.05133       373       640    0.5828    0.9057    0.6818    0.5349   0.02915   0.03217   0.02182
   198/399     12.3G   0.01775   0.02239  0.007517   0.04766       250       640    0.6121    0.8225    0.6765    0.5377   0.02893   0.03091   0.02193
   199/399     12.3G   0.01736    0.0256  0.007068   0.05002       327       640    0.5947    0.8358    0.6852    0.5403    0.0277   0.03055     0.022
   200/399     12.3G   0.01765   0.02584  0.007203    0.0507       269       640    0.6214    0.8067    0.6897    0.5399   0.02905   0.03077   0.02213
   201/399     12.3G   0.01849   0.02491  0.007318   0.05071       240       640    0.5651    0.8989    0.6681    0.5366   0.02916   0.03184   0.02247
   202/399     12.3G   0.01778   0.02408  0.007245    0.0491       243       640    0.5674    0.8931    0.6617    0.5269   0.03007   0.03249   0.02237
   203/399     12.3G   0.01708   0.02347  0.006946   0.04749       258       640    0.5749    0.8711    0.6488    0.5262   0.03082   0.03216   0.02231
   204/399     12.3G   0.01738   0.02365  0.007121   0.04815       160       640    0.5667    0.8725    0.6444    0.5205    0.0305   0.03215   0.02231
   205/399     12.3G   0.01805   0.02396  0.006956   0.04896       238       640    0.5657    0.8723    0.6492    0.5236   0.03053    0.0319   0.02274
   206/399     12.3G   0.01656   0.02529   0.00671   0.04856       340       640    0.5764    0.8803     0.648    0.5198   0.03024   0.03221   0.02286
   207/399     12.3G   0.01766     0.023  0.006941    0.0476       264       640    0.5567    0.8954    0.6351    0.4986    0.0299   0.03281   0.02266
   208/399     12.3G   0.01807   0.02521  0.006769   0.05005       290       640    0.5483    0.8753    0.6326    0.4889   0.02986   0.03366   0.02277
   209/399     12.3G   0.01704   0.02344  0.006099   0.04658       257       640    0.5516    0.8848    0.6498    0.5013   0.02993   0.03399   0.02312
   210/399     12.3G   0.01782    0.0223  0.006531   0.04666       192       640    0.5757     0.817    0.6507    0.5087   0.02979    0.0334   0.02277
   211/399     12.3G    0.0169   0.02371    0.0066    0.0472       240       640    0.5746    0.7867    0.6381    0.5047   0.02975   0.03318    0.0228
   212/399     12.3G   0.01749   0.02607  0.006476   0.05003       256       640    0.5694    0.8275    0.6485    0.5082   0.02884   0.03276   0.02271
   213/399     12.3G   0.01718   0.02369  0.006295   0.04717       324       640    0.5964    0.7876    0.6496    0.5053   0.02802   0.03327    0.0229
   214/399     12.3G   0.01687   0.02381  0.006387   0.04707       292       640    0.5866    0.8147    0.6463    0.5014    0.0277   0.03309   0.02294
   215/399     12.3G   0.01706    0.0241  0.006702   0.04787       261       640    0.5802    0.8277    0.6442    0.5029   0.02725   0.03238   0.02305
   216/399     12.3G   0.01587   0.02425  0.006627   0.04675       228       640    0.5642    0.8406    0.6658    0.5315   0.02744    0.0324   0.02302
   217/399     12.3G   0.01746   0.02235  0.006112   0.04592       216       640    0.5633    0.8561    0.6621    0.5288   0.02807   0.03296   0.02314
   218/399     12.3G   0.01728   0.02277  0.006325   0.04637       257       640    0.5809    0.8361    0.6559    0.5246   0.02867   0.03256   0.02319
   219/399     12.3G   0.01625   0.02288  0.006268    0.0454       296       640    0.5882    0.8366    0.6625    0.5318   0.02816   0.03244   0.02327
   220/399     12.3G   0.01731   0.02361  0.005952   0.04687       301       640    0.5836    0.8965    0.6768    0.5374   0.02817   0.03254   0.02323
   221/399     12.3G   0.01723   0.02429  0.006182    0.0477       278       640    0.5894    0.8891    0.6881    0.5416   0.02834   0.03195   0.02342
   222/399     12.3G   0.01698   0.02362  0.006565   0.04716       294       640    0.5782    0.8468    0.6781    0.5378   0.02763   0.03226   0.02351
   223/399     12.3G   0.01638   0.02376  0.006455   0.04659       321       640     0.566    0.8445    0.6648    0.5319   0.02815   0.03277   0.02358
   224/399     12.3G   0.01658   0.02451  0.006102   0.04719       301       640    0.5758    0.8079    0.6688    0.5258   0.02833   0.03369   0.02375
   225/399     12.3G   0.01718    0.0225  0.006095   0.04577       250       640    0.5745    0.8387    0.6683    0.5238   0.02911   0.03397   0.02395
   226/399     12.3G   0.01632   0.02103  0.006112   0.04346       185       640    0.5609    0.8365    0.6639    0.5217   0.03007   0.03444   0.02378
   227/399     12.3G   0.01673   0.02215  0.005929   0.04481       190       640    0.5828    0.7818    0.6601    0.5191   0.03018   0.03489   0.02355
   228/399     12.3G   0.01551   0.02278  0.005616    0.0439       325       640    0.5508    0.8116    0.6489     0.503   0.03079   0.03554   0.02415
   229/399     12.3G   0.01705    0.0228  0.006255    0.0461       260       640     0.549    0.8233    0.6514    0.5065   0.03099    0.0358     0.024
   230/399     12.3G   0.01683   0.02393   0.00592   0.04668       279       640    0.5441    0.8386    0.6507    0.5023   0.03062   0.03557   0.02415
   231/399     12.3G   0.01644    0.0227  0.005711   0.04485       162       640    0.5365    0.8234    0.6408    0.5066   0.03038   0.03538   0.02403
   232/399     12.3G   0.01594    0.0215  0.005441   0.04289       223       640    0.5252    0.8432    0.6453    0.5103   0.02906    0.0353   0.02367
   233/399     12.3G   0.01774    0.0233  0.005481   0.04652       303       640    0.5395    0.7777     0.638    0.5058   0.02826   0.03485   0.02384
   234/399     12.3G   0.01644   0.02212   0.00559   0.04415       296       640    0.5221    0.8362    0.6435    0.5011    0.0287   0.03499   0.02436
   235/399     12.3G   0.01523   0.02282  0.005241   0.04329       313       640    0.5163    0.8847    0.6399    0.4977   0.02858   0.03487   0.02524
   236/399     12.3G   0.01579   0.02163  0.004914   0.04233       170       640    0.5052    0.8748    0.6331    0.4961   0.02847   0.03433   0.02524
   237/399     12.3G    0.0171   0.01964  0.005166   0.04191       170       640    0.5113    0.8374     0.637    0.4967   0.02808   0.03454   0.02525
   238/399     12.3G    0.0169    0.0217  0.005447   0.04404       237       640    0.5574    0.7076    0.6286    0.4985     0.028   0.03508    0.0256
   239/399     12.3G   0.01572   0.02187  0.005494   0.04309       303       640    0.5061    0.8189    0.6389    0.5058   0.02784   0.03471   0.02559
   240/399     12.3G   0.01544   0.02093  0.005225   0.04159       288       640    0.5198    0.8643     0.644    0.5027   0.02819   0.03468   0.02491
   241/399     12.3G   0.01762   0.02085  0.005282   0.04376       297       640    0.5344    0.8588    0.6539    0.5159   0.02849   0.03517   0.02434
   242/399     12.3G   0.01754   0.02187  0.005793    0.0452       302       640    0.5222    0.8574    0.6486    0.5121   0.02816    0.0362   0.02431
   243/399     12.3G   0.01491   0.02057  0.004976   0.04045       284       640    0.5289    0.8452    0.6427    0.5152   0.02794   0.03706   0.02471
   244/399     12.3G   0.01605   0.02106  0.005066   0.04217       322       640    0.5089    0.8821    0.6299    0.5035   0.02861   0.03716   0.02593
   245/399     12.3G   0.01561   0.02044   0.00488   0.04093       252       640    0.5169    0.8701     0.628    0.4995   0.02886   0.03728   0.02689
   246/399     12.3G    0.0163   0.02315  0.005391   0.04484       351       640    0.5809    0.6994    0.6248    0.5011   0.02879   0.03766   0.02763
   247/399     12.3G   0.01571   0.02163  0.005291   0.04263       303       640    0.6144    0.6949    0.6276     0.494   0.02874   0.03782   0.02777
   248/399     12.3G    0.0163   0.02266  0.005445   0.04441       356       640    0.5214    0.8584    0.6392    0.5088   0.02895    0.0369   0.02712
   249/399     12.3G   0.01578   0.02328  0.004942     0.044       301       640     0.591    0.7152    0.6334    0.5136   0.02917   0.03717   0.02716
   250/399     12.3G    0.0155   0.02006  0.005032   0.04059       263       640     0.607    0.6866    0.6431    0.5173   0.02931   0.03784   0.02759
   251/399     12.3G   0.01523   0.02021  0.004522   0.03996       329       640    0.5176    0.8331    0.6348    0.5011   0.02933   0.03841   0.02785
   252/399     12.3G   0.01473   0.01927  0.004451   0.03846       253       640     0.588    0.7256    0.6429    0.5132   0.02931   0.03779     0.028
   253/399     12.3G   0.01618   0.02297  0.005154    0.0443       289       640    0.5675    0.7189    0.6377    0.5038   0.02925   0.03694   0.02849
   254/399     12.3G   0.01588   0.02032  0.005002    0.0412       340       640    0.5831     0.696    0.6406    0.5015   0.02908   0.03596   0.02865
   255/399     12.3G   0.01501   0.02124  0.004483   0.04073       327       640     0.573    0.6752    0.6365    0.4977    0.0291    0.0355   0.02946
   256/399     12.3G   0.01573   0.02271  0.004725   0.04316       274       640    0.6004    0.6504    0.6272    0.4925   0.02915   0.03598   0.02975
   257/399     12.3G   0.01558   0.02112  0.004629   0.04133       286       640    0.6006    0.6577    0.6289    0.4929   0.02932   0.03659   0.02938
   258/399     12.3G   0.01558   0.02217  0.004492   0.04224       282       640    0.5953      0.67    0.6379    0.5024   0.02931   0.03669   0.02927
   259/399     12.3G   0.01543   0.02045  0.004571   0.04045       326       640    0.5594    0.7303    0.6435     0.516   0.02973   0.03663   0.02939
   260/399     12.3G   0.01479   0.02007  0.004615   0.03947       285       640    0.5835    0.7067    0.6353    0.5061   0.03012    0.0371   0.02961
   261/399     12.3G   0.01567   0.02228  0.005412   0.04336       225       640    0.5589    0.7354    0.6363    0.5065   0.02985   0.03712   0.02927
   262/399     12.3G   0.01517   0.02188  0.004374   0.04142       269       640    0.5822    0.7049    0.6316    0.5082   0.02957   0.03707   0.02933
   263/399     12.3G   0.01478    0.0208  0.004413   0.03999       266       640     0.561    0.7308    0.6282    0.4993   0.02952    0.0372   0.02983
   264/399     12.3G    0.0152   0.01848  0.004314   0.03799       283       640    0.5482    0.7631    0.6378    0.5017   0.02929   0.03733   0.03036
   265/399     12.3G   0.01551   0.01985  0.004363   0.03973       297       640    0.5676    0.7323    0.6313    0.5087   0.02832   0.03645    0.0295
   266/399     12.3G   0.01508   0.01985  0.004438   0.03937       280       640    0.6009    0.6959    0.6429    0.5219   0.02795   0.03619   0.02897
   267/399     12.3G   0.01508   0.01969  0.004466   0.03924       210       640    0.6224    0.6988    0.6423    0.5219   0.02778    0.0362   0.02883
   268/399     12.3G   0.01495   0.01947  0.004296   0.03872       310       640    0.5941    0.6892    0.6234    0.5012     0.028   0.03679   0.02958
   269/399     12.3G   0.01541   0.01996  0.004387   0.03975       291       640    0.5852    0.7001    0.6263    0.5051   0.02868   0.03728   0.03073
   270/399     12.3G   0.01557   0.02112  0.004446   0.04113       308       640    0.5323    0.7744    0.6266    0.5036   0.02903     0.038    0.0319
   271/399     12.3G    0.0152   0.02061  0.004778   0.04059       282       640    0.5609    0.7027    0.6205    0.5038   0.02907   0.03811   0.03173
   272/399     10.7G   0.01541   0.02224  0.004251   0.04189       279       640    0.4914    0.8286    0.6121    0.4925    0.0294    0.0382   0.03181
   273/399     10.7G     0.016   0.02187  0.004443   0.04231       410       640    0.5041     0.766    0.6039     0.493   0.02886   0.03824   0.03158
   274/399     12.1G   0.01429   0.01726   0.00394   0.03549       258       640    0.5237    0.7457    0.6124    0.5024    0.0288   0.03852   0.03126
   275/399     12.1G    0.0143   0.01971  0.004155   0.03817       208       640    0.5967    0.6518    0.6209    0.5126   0.02828   0.03817   0.03107
   276/399     12.1G   0.01469   0.02141  0.004207    0.0403       330       640     0.534    0.7617    0.6265    0.5176   0.02775   0.03755   0.03142
   277/399     12.1G   0.01427   0.01882  0.003624   0.03671       265       640     0.573    0.7324    0.6239    0.5113   0.02802   0.03742   0.03149
   278/399     12.1G   0.01448   0.02031  0.003844   0.03864       206       640    0.5748    0.7148    0.6155     0.506   0.02803   0.03738   0.03236
   279/399     12.1G   0.01342   0.01832  0.003756    0.0355       225       640    0.5572    0.7315    0.6096    0.4984   0.02777   0.03685   0.03223
   280/399     12.1G   0.01419   0.01995  0.003869   0.03801       266       640    0.5295    0.7907    0.6145    0.5066   0.02753   0.03646   0.03124
   281/399     12.1G   0.01481   0.01678  0.003883   0.03548       196       640    0.5853    0.6755    0.6231    0.5147   0.02756   0.03646   0.03078
   282/399     12.1G   0.01396   0.01896  0.003704   0.03662       245       640    0.5707    0.7302    0.6339    0.5182   0.02707   0.03661   0.03021
   283/399     12.1G   0.01404   0.01797  0.003739   0.03575       277       640     0.577     0.716    0.6325    0.5148   0.02671   0.03695   0.03102
   284/399     12.1G   0.01454   0.01954   0.00438   0.03846       276       640    0.5635    0.7566    0.6388    0.5186   0.02708   0.03688   0.03233
   285/399     12.1G   0.01466    0.0216  0.004177   0.04044       278       640    0.5639    0.7524    0.6464    0.5295   0.02718   0.03608   0.03265
   286/399     12.1G   0.01443   0.01852   0.00406     0.037       316       640    0.5896    0.7173    0.6412    0.5266   0.02721   0.03542   0.03232
   287/399     12.1G   0.01499   0.01951  0.004351   0.03885       237       640    0.5733    0.7728    0.6411    0.5229   0.02748   0.03485   0.03141
   288/399     12.1G   0.01483   0.01898   0.00426   0.03807       270       640    0.5949     0.723    0.6408    0.5155   0.02731   0.03512   0.03079
   289/399     12.1G    0.0152   0.02145  0.004016   0.04066       286       640    0.6079    0.7129    0.6376    0.5195   0.02771   0.03602   0.03201
   290/399     12.1G   0.01433   0.01858  0.004135   0.03704       278       640    0.6253    0.6702    0.6342    0.5138   0.02855   0.03657   0.03238
   291/399     12.1G   0.01433   0.01808  0.003565   0.03597       132       640    0.5974    0.7293    0.6357    0.5115   0.02869   0.03642   0.03225
   292/399     12.1G   0.01361   0.01811  0.003552   0.03528       325       640    0.6021    0.7361     0.641     0.515   0.02846   0.03563   0.03219
   293/399     12.1G   0.01396   0.01911  0.003973   0.03704       205       640    0.6031    0.7438     0.644    0.5197   0.02866   0.03515   0.03207
   294/399     12.1G   0.01355   0.01876  0.003226   0.03554       358       640    0.5923     0.737    0.6401    0.5166   0.02861   0.03531    0.0319
   295/399     12.1G   0.01412    0.0191  0.003413   0.03663       247       640    0.6035    0.7093    0.6348      0.51   0.02821   0.03573   0.03216
   296/399     12.1G   0.01371   0.01857  0.003428   0.03571       270       640    0.6118    0.6828    0.6217    0.5047   0.02718   0.03636   0.03184
   297/399     12.1G   0.01416   0.01929  0.004011   0.03747       312       640    0.5948    0.7279    0.6298    0.5187   0.02695   0.03638   0.03095
   298/399     12.1G   0.01362   0.01808  0.003692   0.03539       272       640     0.608    0.7353    0.6375    0.5227   0.02697   0.03611   0.03102
   299/399     12.1G   0.01493    0.0204  0.004002   0.03934       282       640    0.5938     0.707    0.6334    0.5132   0.02748   0.03578   0.03164
   300/399     12.1G   0.01332   0.01893  0.003431   0.03568       281       640    0.5957    0.6813    0.6296    0.5069   0.02816   0.03619   0.03184
   301/399     12.1G   0.01387   0.01955  0.003705   0.03713       333       640    0.5891    0.6993     0.625    0.5062   0.02817   0.03617   0.03218
   302/399     12.1G   0.01297   0.01772  0.003364   0.03405       219       640    0.5523    0.7129    0.6255    0.5121   0.02802   0.03645   0.03273
   303/399     12.1G   0.01416   0.01959  0.003981   0.03772       251       640    0.5567    0.6991    0.6273    0.5122   0.02786    0.0367   0.03308
   304/399     12.1G   0.01413   0.01912  0.003842    0.0371       381       640     0.545    0.7224    0.6368    0.5191   0.02792   0.03733   0.03302
   305/399     12.1G   0.01435   0.01841  0.003579   0.03634       238       640    0.5934    0.6716    0.6386    0.5214   0.02807   0.03743   0.03297
   306/399     12.1G   0.01334   0.01832  0.003246    0.0349       286       640    0.5977    0.6602    0.6406    0.5183   0.02845    0.0377   0.03287
   307/399     12.1G   0.01349    0.0175  0.003733   0.03472       236       640    0.6103    0.6518    0.6484    0.5244   0.02842   0.03797   0.03234
   308/399     12.1G   0.01438    0.0213   0.00367   0.03936       276       640    0.5896    0.7104    0.6518    0.5246   0.02865    0.0379   0.03153
   309/399     12.1G    0.0139   0.01983   0.00368   0.03741       238       640    0.5663    0.7406    0.6546    0.5277   0.02865    0.0378   0.03133
   310/399     12.1G    0.0129   0.01821   0.00323   0.03434       353       640     0.584     0.716    0.6485    0.5266   0.02869   0.03806   0.03121
   311/399     12.1G    0.0138   0.01951  0.003841   0.03716       406       640    0.5927    0.7138    0.6468    0.5209   0.02868   0.03773    0.0314
   312/399     12.1G   0.01406   0.01842  0.003605   0.03608       250       640    0.6034    0.7077    0.6425     0.518   0.02852    0.0369    0.0321
   313/399     12.1G   0.01462   0.02052  0.003765    0.0389       283       640    0.6111    0.6954     0.646    0.5198   0.02853   0.03681   0.03238
   314/399     12.1G   0.01392   0.01987  0.003328   0.03712       253       640    0.5991    0.6857    0.6349     0.522    0.0284    0.0369   0.03232
   315/399     12.1G   0.01333   0.01891  0.003492   0.03573       312       640    0.5689    0.7045    0.6346    0.5177    0.0286   0.03737   0.03226
   316/399     12.1G   0.01354   0.01756  0.003487   0.03459       282       640    0.5497    0.7507    0.6388    0.5226   0.02881   0.03811   0.03148
   317/399     12.1G   0.01445   0.01985  0.003524   0.03782       239       640    0.5701    0.7433    0.6477    0.5263   0.02895   0.03857   0.03067
   318/399     12.1G   0.01357   0.01776  0.003046   0.03437       326       640    0.5655    0.7678    0.6487    0.5282   0.02909   0.03861   0.03039
   319/399     12.1G   0.01355   0.01938   0.00351   0.03644       257       640    0.6072    0.6963    0.6527    0.5304   0.02916   0.03878   0.03041
   320/399     12.1G   0.01326     0.019  0.003488   0.03574       314       640    0.6174    0.6941    0.6573    0.5347   0.02948   0.03899   0.03056
   321/399     12.1G   0.01411   0.01824  0.003462   0.03581       263       640    0.6302    0.6778    0.6523    0.5328   0.02991   0.03887   0.03047
   322/399     12.1G   0.01381   0.02008  0.003354   0.03725       297       640    0.5891    0.7452    0.6544    0.5283   0.03007   0.03866   0.03084
   323/399     12.1G   0.01279   0.01793  0.002995   0.03371       237       640    0.5891    0.7417    0.6535    0.5316   0.03018   0.03882   0.03119
   324/399     12.1G   0.01409   0.01686  0.003801   0.03474       298       640    0.5935    0.7346     0.651    0.5272   0.03003   0.03932   0.03264
   325/399     12.1G   0.01359   0.01794  0.003352   0.03488       297       640    0.5798    0.7308    0.6498    0.5238    0.0299   0.03949   0.03407
   326/399     12.1G   0.01358   0.01773  0.003151   0.03446       276       640    0.6133    0.7035    0.6488     0.521   0.02984   0.03975    0.0349
   327/399     12.1G    0.0134   0.01776  0.003621   0.03478       282       640    0.6008    0.6974    0.6493    0.5244   0.02974   0.04001   0.03516
   328/399     12.1G   0.01394   0.01699  0.003224   0.03416       265       640    0.5946    0.7192    0.6479    0.5182   0.02941    0.0398   0.03484
   329/399     12.1G   0.01311    0.0185   0.00316   0.03477       234       640     0.601      0.71    0.6439    0.5174   0.02896   0.03935   0.03463
   330/399     12.1G   0.01312   0.01568  0.003448   0.03225       232       640    0.5827    0.7228    0.6396    0.5166   0.02856   0.03898   0.03421
   331/399     12.1G   0.01336   0.01818  0.002923   0.03446       287       640    0.6073    0.6885    0.6337    0.5133   0.02838   0.03863     0.034
   332/399     12.1G   0.01372   0.01838  0.003459   0.03556       234       640    0.6094    0.6828    0.6362    0.5145   0.02841    0.0385   0.03398
   333/399     12.1G   0.01446   0.02123  0.003845   0.03953       303       640    0.5984    0.6942    0.6352    0.5151   0.02837   0.03857   0.03425
   334/399     12.1G   0.01386   0.01951  0.003386   0.03675       358       640    0.5972    0.6991    0.6412    0.5152   0.02854   0.03875   0.03435
   335/399     12.1G   0.01316   0.01961  0.003161   0.03593       223       640    0.5951    0.7006    0.6415      0.52   0.02859    0.0386   0.03437
   336/399     12.1G   0.01297   0.01669  0.003092   0.03275       287       640    0.5834    0.7134    0.6418    0.5165    0.0286   0.03855   0.03495
   337/399     12.1G   0.01259   0.01832  0.003057   0.03397       311       640     0.582    0.7065    0.6408    0.5221   0.02853   0.03842   0.03527
   338/399     12.1G   0.01361   0.01932  0.003238   0.03616       298       640    0.5761    0.7304    0.6398     0.521   0.02826   0.03794   0.03492
   339/399     12.1G   0.01269     0.016  0.002907    0.0316       149       640    0.5815     0.722    0.6424     0.522   0.02822   0.03771   0.03451
   340/399     12.1G   0.01334    0.0178  0.002965    0.0341       249       640    0.6024    0.6913    0.6529    0.5261   0.02811   0.03776    0.0347
   341/399     12.1G   0.01311   0.01691  0.003068   0.03308       291       640    0.6061    0.6906    0.6518    0.5228   0.02783   0.03802   0.03459
   342/399     12.1G   0.01348    0.0175  0.003066   0.03404       300       640    0.5558    0.7836    0.6572    0.5267    0.0279   0.03827   0.03446
   343/399     12.1G   0.01387   0.01884  0.003195   0.03591       250       640    0.5689    0.7812    0.6654     0.532   0.02789   0.03867    0.0346
   344/399     12.1G   0.01197   0.01619  0.002771   0.03094       284       640    0.5813    0.7531    0.6615     0.533   0.02817   0.03948   0.03491
   345/399     12.1G     0.013   0.01694  0.003044   0.03298       358       640    0.5778     0.744    0.6538    0.5243   0.02839   0.03998   0.03548
   346/399     12.1G   0.01413   0.01944  0.003503   0.03707       319       640    0.5936    0.7054    0.6503    0.5202   0.02831    0.0402   0.03583
   347/399     12.1G   0.01242   0.01784  0.002715   0.03298       230       640    0.5883    0.7278     0.649     0.519   0.02825   0.03972   0.03592
   348/399     12.1G   0.01301   0.01763  0.003156   0.03379       232       640     0.593    0.7029    0.6447    0.5176   0.02839   0.03937     0.036
   349/399     12.1G   0.01357   0.01814  0.003301   0.03501       323       640    0.6027    0.6945    0.6437    0.5128   0.02866   0.03934   0.03589
   350/399     12.1G   0.01298   0.01885  0.003139   0.03496       329       640    0.5815    0.7352    0.6389     0.511    0.0287   0.03932    0.0357
   351/399     12.1G   0.01304   0.01828   0.00361   0.03493       258       640    0.5755    0.7414    0.6362    0.5086   0.02869   0.03934   0.03561
   352/399     12.1G    0.0134   0.01643  0.003002   0.03283       295       640    0.5714    0.7494    0.6379    0.5086   0.02883   0.03938   0.03551
   353/399     12.1G   0.01314   0.01813  0.003049   0.03432       348       640    0.6196    0.6989    0.6404    0.5105   0.02897   0.03946   0.03555
   354/399     12.1G   0.01315   0.01756  0.003321   0.03404       263       640    0.6152    0.6891    0.6354    0.5094   0.02897   0.03942   0.03536
   355/399     12.1G   0.01344   0.01795  0.002975   0.03436       300       640    0.6085    0.7006    0.6327    0.5105   0.02895    0.0392    0.0349
   356/399     12.1G    0.0132   0.01852  0.002918   0.03463       281       640     0.605    0.7151    0.6353    0.5164   0.02882   0.03907   0.03498
   357/399     12.1G   0.01307   0.01716  0.002931   0.03316       307       640    0.6108    0.7153    0.6385    0.5141   0.02877   0.03907   0.03443
   358/399     12.1G    0.0136   0.01879  0.003305   0.03569       258       640    0.6165    0.7111    0.6466    0.5172   0.02857   0.03886   0.03358
   359/399     12.1G   0.01237   0.01692   0.00291    0.0322       208       640    0.6265    0.7113     0.655    0.5215   0.02839   0.03876   0.03311
   360/399     12.1G   0.01346   0.01661  0.003046   0.03312       319       640     0.628    0.7338    0.6579    0.5234   0.02838   0.03875   0.03301
   361/399     12.1G   0.01221   0.01897  0.002815   0.03399       237       640    0.5978     0.765    0.6587    0.5243   0.02829   0.03885   0.03292
   362/399     12.1G   0.01315    0.0178  0.003079   0.03404       313       640    0.6245    0.7137    0.6589    0.5232   0.02808   0.03908   0.03304
   363/399     12.1G   0.01249   0.01658  0.002715   0.03178       383       640    0.6288    0.7116    0.6603    0.5231   0.02811   0.03911   0.03322
   364/399     12.1G   0.01326   0.01794  0.002951   0.03415       309       640    0.6243    0.7143    0.6585    0.5244   0.02819   0.03916   0.03371
   365/399     12.1G   0.01269    0.0157  0.002626   0.03101       242       640    0.6276    0.6984     0.658    0.5261   0.02817   0.03902    0.0339
   366/399     12.1G   0.01207   0.01562  0.002853   0.03054       336       640    0.6135     0.717    0.6575    0.5289   0.02796   0.03879   0.03388
   367/399     12.1G   0.01255   0.01778  0.002671     0.033       245       640    0.6302    0.6886    0.6557    0.5253   0.02772   0.03875   0.03392
   368/399     12.1G   0.01299   0.01733  0.003073   0.03339       324       640     0.582    0.7713    0.6565    0.5271   0.02741   0.03846   0.03395
   369/399     12.1G   0.01252   0.01557   0.00322   0.03131       225       640    0.5886    0.7504    0.6525    0.5223   0.02753   0.03819   0.03425
   370/399     12.1G   0.01287   0.01706  0.003036   0.03297       257       640    0.5723    0.7764    0.6489    0.5226    0.0277   0.03829   0.03455
   371/399     12.1G   0.01299   0.01687  0.003226   0.03309       268       640    0.5754    0.7594    0.6458     0.524   0.02788   0.03856   0.03509
   372/399     12.1G   0.01284   0.01766  0.003141   0.03364       408       640    0.5935    0.7071    0.6436     0.521   0.02816   0.03863   0.03558
   373/399     12.1G     0.013   0.01813  0.003024   0.03415       225       640    0.6092    0.6981    0.6418     0.516   0.02835   0.03861   0.03563
   374/399     12.1G   0.01216    0.0164   0.00275    0.0313       280       640    0.6018    0.6894    0.6346    0.5133   0.02859   0.03854   0.03553
   375/399     12.1G    0.0124   0.01648  0.002813    0.0317       250       640    0.5945    0.6933    0.6387    0.5127   0.02889   0.03878   0.03565
   376/399     12.1G   0.01287   0.01619  0.002906   0.03197       275       640    0.5645    0.7447    0.6413    0.5222   0.02889   0.03893   0.03563
   377/399     12.1G   0.01244   0.01736  0.002805    0.0326       287       640    0.5758    0.7365    0.6413    0.5268   0.02873     0.039   0.03554
   378/399     12.1G   0.01309   0.02046  0.002904   0.03646       279       640    0.5863    0.7091    0.6476    0.5299   0.02858   0.03877   0.03518
   379/399     12.1G   0.01243    0.0165  0.002898   0.03183       194       640    0.6052    0.6909    0.6508    0.5335   0.02861   0.03867   0.03509
   380/399     12.1G   0.01378   0.01737  0.003183   0.03433       364       640    0.5664    0.7651    0.6512    0.5323   0.02863    0.0388   0.03466
   381/399     12.1G   0.01252   0.01699  0.002606   0.03211       247       640    0.5716    0.7702    0.6553    0.5345   0.02854   0.03906   0.03459
   382/399     12.1G   0.01272   0.01824  0.002722   0.03369       299       640    0.5738    0.7704    0.6554     0.527   0.02862   0.03924    0.0347
   383/399     12.1G   0.01244   0.01618  0.002936   0.03156       242       640    0.5878    0.7187     0.647    0.5242   0.02857   0.03951   0.03484
   384/399     12.1G     0.013   0.01663   0.00286   0.03249       259       640    0.5914     0.722    0.6429    0.5186   0.02881   0.03979   0.03516
   385/399     12.1G    0.0118   0.01804  0.002682   0.03252       314       640    0.5844    0.7253    0.6462    0.5256   0.02875   0.03935   0.03485
   386/399     12.1G    0.0122    0.0161  0.002564   0.03087       236       640    0.5908    0.7123    0.6478    0.5308    0.0286   0.03905   0.03473
   387/399     12.1G   0.01259   0.01698  0.003035   0.03261       240       640    0.5852    0.7054    0.6461    0.5311   0.02862   0.03913   0.03458
   388/399     12.1G    0.0128   0.01611  0.002693    0.0316       265       640    0.5921    0.6986    0.6471    0.5371   0.02839   0.03946   0.03445
   389/399     12.1G   0.01185   0.01514  0.002425   0.02942       319       640    0.6007    0.7008    0.6489     0.537   0.02819   0.03951   0.03422
   390/399     12.1G   0.01301   0.01788  0.002802    0.0337       322       640    0.6073    0.7052    0.6524    0.5398   0.02799   0.03943   0.03398
   391/399     12.1G   0.01292   0.01677  0.002934   0.03262       299       640    0.6147    0.6991    0.6498    0.5364   0.02789   0.03944    0.0341
   392/399     12.1G   0.01309    0.0175  0.002787   0.03337       342       640    0.6063    0.7098    0.6517    0.5321   0.02771   0.03926   0.03498
   393/399     12.1G   0.01279   0.01755  0.002819   0.03316       363       640    0.5867    0.7197    0.6445     0.527   0.02766   0.03916   0.03581
   394/399     12.1G   0.01197   0.01731  0.002778   0.03206       293       640     0.608    0.6831     0.633    0.5269   0.02771   0.03907    0.0364
   395/399     12.1G   0.01304   0.01763  0.002936    0.0336       313       640    0.5954    0.6836    0.6307     0.523   0.02805   0.03943   0.03688
   396/399     12.1G   0.01136   0.01623  0.002304   0.02989       216       640    0.5801    0.6893    0.6293    0.5229   0.02832   0.03991   0.03705
   397/399     12.1G   0.01229   0.01622  0.002961   0.03148       287       640    0.5874    0.6756    0.6289     0.521   0.02843   0.04017   0.03686
   398/399     12.1G   0.01257   0.01797  0.002725   0.03327       262       640    0.6028    0.6662    0.6293    0.5196   0.02852   0.04037   0.03664
   399/399     12.1G   0.01369   0.02042  0.003405   0.03752       234       640     0.609    0.6562    0.6276    0.5187   0.02848   0.04049   0.03656
